100
0,1 1 2 1 3 1 5 1 7 1 8 1 9 1 10 1 11 1 12 1 13 1 15 1 16 1 17 1 18 1 19 1 21 1 22 1 23 1 24 1 25 1 26 1 28 1 29 1 30 1 31 1 32 1 33 1 35 1 36 1 38 1 39 1 40 1 41 1 42 1 43 1 44 1 45 1 46 1 48 1 49 1 50 1 51 1 53 1 54 1 55 1 56 1 57 1 59 1 60 1 61 1 63 1 65 1 66 1 67 1 69 1 70 1 71 1 72 1 73 1 74 1 75 1 76 1 77 1 79 1 80 1 81 1 82 1 83 1 84 1 85 1 86 1 87 1 88 1 89 1 91 1 93 1 94 1 95 1 97 1 98 1 99 1 
1,0 1 2 1 3 1 5 1 14 1 15 1 16 1 21 1 26 1 27 1 34 1 40 1 42 1 44 1 46 1 48 1 51 1 52 1 59 1 61 1 62 1 66 1 68 1 72 1 74 1 75 1 77 1 79 1 81 1 83 1 84 1 86 1 91 1 97 1 
2,1 1 5 1 6 1 7 1 8 1 9 1 10 1 11 1 12 1 14 1 15 1 16 1 17 1 18 1 19 1 21 1 22 1 23 1 25 1 27 1 28 1 29 1 30 1 31 1 32 1 35 1 36 1 37 1 38 1 39 1 40 1 41 1 42 1 43 1 44 1 45 1 46 1 47 1 49 1 50 1 51 1 52 1 53 1 54 1 55 1 56 1 57 1 58 1 59 1 60 1 61 1 62 1 63 1 65 1 67 1 68 1 70 1 71 1 72 1 73 1 76 1 77 1 78 1 79 1 80 1 81 1 82 1 83 1 84 1 85 1 86 1 88 1 90 1 91 1 92 1 93 1 98 1 99 1 
3,0 1 1 1 2 1 4 1 5 1 6 1 7 1 8 1 9 1 10 1 11 1 12 1 13 1 14 1 15 1 16 1 17 1 18 1 19 1 20 1 21 1 22 1 23 1 24 1 25 1 26 1 27 1 28 1 29 1 30 1 31 1 32 1 33 1 34 1 35 1 36 1 37 1 38 1 40 1 41 1 42 1 43 1 44 1 45 1 46 1 48 1 49 1 50 1 51 1 52 1 53 1 54 1 55 1 56 1 57 1 58 1 59 1 60 1 61 1 62 1 63 1 64 1 65 1 66 1 67 1 68 1 69 1 70 1 71 1 72 1 73 1 74 1 76 1 77 1 78 1 79 1 80 1 81 1 82 1 83 1 84 1 85 1 86 1 87 1 88 1 89 1 90 1 91 1 92 1 93 1 94 1 95 1 96 1 97 1 99 1 
4,3 1 5 1 11 1 17 1 18 1 19 1 20 1 21 1 22 1 24 1 27 1 30 1 33 1 36 1 38 1 42 1 43 1 44 1 47 1 51 1 54 1 57 1 59 1 67 1 68 1 72 1 76 1 82 1 83 1 84 1 87 1 88 1 92 1 95 1 96 1 98 1 
5,0 1 2 1 6 1 8 1 10 1 11 1 13 1 17 1 18 1 19 1 20 1 22 1 23 1 24 1 25 1 29 1 30 1 34 1 35 1 36 1 37 1 39 1 44 1 46 1 47 1 49 1 50 1 52 1 53 1 55 1 56 1 59 1 60 1 61 1 62 1 63 1 66 1 72 1 74 1 75 1 79 1 81 1 83 1 85 1 87 1 88 1 90 1 91 1 92 1 93 1 94 1 98 1 99 1 
6,5 1 13 1 20 1 26 1 34 1 35 1 72 1 73 1 85 1 
7,1 1 6 1 17 1 20 1 22 1 27 1 29 1 35 1 38 1 41 1 55 1 60 1 66 1 75 1 83 1 85 1 87 1 88 1 89 1 94 1 
8,0 1 1 1 2 1 3 1 5 1 6 1 7 1 9 1 10 1 11 1 12 1 13 1 14 1 15 1 16 1 17 1 18 1 19 1 20 1 23 1 24 1 25 1 26 1 27 1 28 1 29 1 30 1 31 1 33 1 34 1 35 1 36 1 37 1 38 1 39 1 40 1 41 1 42 1 43 1 44 1 45 1 46 1 47 1 48 1 49 1 50 1 51 1 52 1 53 1 54 1 55 1 56 1 57 1 58 1 59 1 60 1 61 1 62 1 63 1 64 1 65 1 66 1 67 1 69 1 70 1 71 1 72 1 73 1 74 1 75 1 76 1 77 1 78 1 79 1 80 1 81 1 82 1 84 1 85 1 86 1 87 1 88 1 90 1 91 1 93 1 94 1 95 1 96 1 97 1 98 1 99 1 
9,1 1 2 1 8 1 11 1 12 1 13 1 14 1 17 1 18 1 20 1 21 1 22 1 23 1 29 1 31 1 32 1 33 1 34 1 36 1 37 1 39 1 40 1 41 1 43 1 44 1 45 1 47 1 49 1 50 1 52 1 55 1 56 1 59 1 60 1 62 1 66 1 68 1 69 1 72 1 77 1 78 1 80 1 81 1 82 1 85 1 86 1 87 1 91 1 94 1 98 1 
10,4 1 14 1 78 1 80 1 85 1 92 1 98 1 
11,3 1 4 1 10 1 14 1 15 1 17 1 19 1 20 1 22 1 28 1 29 1 30 1 36 1 37 1 47 1 53 1 56 1 58 1 59 1 63 1 68 1 72 1 75 1 76 1 77 1 80 1 81 1 82 1 84 1 85 1 93 1 97 1 98 1 
12,0 1 2 1 4 1 5 1 7 1 9 1 10 1 11 1 13 1 15 1 17 1 18 1 19 1 23 1 24 1 25 1 29 1 30 1 33 1 34 1 37 1 40 1 41 1 42 1 43 1 45 1 49 1 50 1 52 1 53 1 54 1 55 1 56 1 59 1 61 1 62 1 63 1 67 1 68 1 69 1 70 1 71 1 73 1 74 1 76 1 78 1 79 1 80 1 83 1 85 1 87 1 88 1 89 1 90 1 92 1 94 1 97 1 98 1 
13,0 1 1 1 2 1 3 1 4 1 5 1 7 1 8 1 9 1 10 1 11 1 12 1 14 1 15 1 16 1 17 1 19 1 20 1 21 1 23 1 24 1 25 1 26 1 27 1 28 1 29 1 30 1 31 1 32 1 33 1 34 1 35 1 36 1 37 1 38 1 39 1 40 1 41 1 42 1 43 1 44 1 45 1 46 1 47 1 48 1 49 1 50 1 51 1 52 1 53 1 54 1 55 1 56 1 57 1 58 1 59 1 61 1 62 1 63 1 64 1 65 1 66 1 67 1 68 1 69 1 70 1 71 1 72 1 73 1 74 1 75 1 76 1 77 1 79 1 80 1 81 1 82 1 83 1 84 1 86 1 87 1 88 1 89 1 90 1 91 1 92 1 93 1 94 1 95 1 96 1 97 1 98 1 99 1 
14,0 1 1 1 4 1 6 1 7 1 16 1 18 1 20 1 25 1 29 1 30 1 31 1 34 1 35 1 36 1 37 1 39 1 40 1 41 1 44 1 48 1 53 1 55 1 58 1 63 1 65 1 66 1 67 1 68 1 72 1 75 1 76 1 77 1 78 1 80 1 81 1 82 1 86 1 90 1 91 1 
15,0 1 1 1 2 1 3 1 4 1 6 1 7 1 8 1 9 1 10 1 11 1 12 1 13 1 14 1 16 1 19 1 21 1 22 1 23 1 24 1 26 1 27 1 28 1 29 1 30 1 34 1 35 1 36 1 37 1 38 1 39 1 40 1 41 1 42 1 45 1 47 1 50 1 51 1 53 1 55 1 57 1 58 1 59 1 60 1 62 1 63 1 65 1 66 1 68 1 69 1 71 1 72 1 73 1 75 1 76 1 77 1 78 1 80 1 82 1 83 1 86 1 87 1 89 1 91 1 92 1 93 1 95 1 96 1 97 1 98 1 99 1 
16,0 1 2 1 3 1 4 1 5 1 6 1 7 1 8 1 9 1 10 1 11 1 12 1 13 1 14 1 15 1 17 1 18 1 21 1 22 1 24 1 25 1 26 1 27 1 28 1 30 1 33 1 35 1 36 1 37 1 38 1 40 1 42 1 43 1 45 1 46 1 47 1 48 1 49 1 50 1 51 1 52 1 53 1 54 1 55 1 56 1 57 1 58 1 59 1 61 1 62 1 63 1 64 1 65 1 66 1 67 1 68 1 69 1 71 1 72 1 73 1 74 1 75 1 76 1 77 1 78 1 79 1 80 1 81 1 82 1 83 1 84 1 85 1 86 1 87 1 88 1 89 1 90 1 91 1 92 1 93 1 95 1 98 1 99 1 
17,0 1 1 1 2 1 3 1 6 1 8 1 11 1 14 1 21 1 24 1 26 1 29 1 31 1 32 1 33 1 36 1 38 1 39 1 40 1 41 1 46 1 51 1 57 1 59 1 60 1 64 1 66 1 69 1 72 1 74 1 75 1 77 1 78 1 80 1 82 1 86 1 87 1 88 1 89 1 90 1 92 1 93 1 95 1 98 1 
18,0 1 1 1 2 1 3 1 4 1 5 1 7 1 8 1 9 1 10 1 11 1 12 1 13 1 15 1 16 1 17 1 19 1 21 1 22 1 23 1 24 1 25 1 26 1 28 1 29 1 30 1 31 1 32 1 35 1 36 1 37 1 38 1 39 1 40 1 42 1 43 1 44 1 45 1 47 1 48 1 49 1 51 1 53 1 54 1 55 1 58 1 59 1 60 1 61 1 62 1 63 1 64 1 66 1 67 1 68 1 70 1 71 1 73 1 74 1 75 1 77 1 78 1 79 1 80 1 81 1 82 1 83 1 84 1 85 1 86 1 87 1 88 1 89 1 90 1 91 1 92 1 93 1 95 1 97 1 98 1 99 1 
19,0 1 1 1 5 1 6 1 7 1 8 1 9 1 11 1 17 1 18 1 23 1 25 1 26 1 27 1 28 1 29 1 30 1 34 1 36 1 41 1 42 1 46 1 47 1 48 1 51 1 53 1 55 1 56 1 58 1 63 1 64 1 66 1 67 1 69 1 71 1 72 1 73 1 75 1 76 1 77 1 79 1 80 1 84 1 86 1 93 1 95 1 98 1 
20,0 1 2 1 4 1 5 1 6 1 7 1 9 1 10 1 16 1 19 1 21 1 22 1 23 1 24 1 25 1 26 1 28 1 31 1 32 1 33 1 35 1 36 1 37 1 38 1 40 1 41 1 42 1 46 1 47 1 48 1 51 1 53 1 55 1 56 1 57 1 58 1 59 1 61 1 66 1 68 1 74 1 76 1 79 1 83 1 84 1 86 1 88 1 89 1 95 1 97 1 
21,0 1 1 1 2 1 3 1 4 1 5 1 6 1 7 1 8 1 9 1 10 1 11 1 12 1 13 1 14 1 15 1 16 1 17 1 18 1 19 1 20 1 22 1 23 1 24 1 25 1 26 1 27 1 28 1 29 1 30 1 31 1 32 1 33 1 34 1 35 1 36 1 37 1 38 1 39 1 40 1 41 1 42 1 43 1 44 1 45 1 46 1 47 1 48 1 49 1 50 1 51 1 52 1 53 1 54 1 55 1 56 1 57 1 58 1 59 1 60 1 61 1 62 1 63 1 64 1 65 1 66 1 67 1 68 1 69 1 70 1 71 1 72 1 73 1 74 1 75 1 76 1 77 1 78 1 79 1 80 1 81 1 82 1 83 1 84 1 85 1 86 1 87 1 88 1 89 1 90 1 91 1 92 1 93 1 94 1 95 1 96 1 97 1 98 1 99 1 
22,2 1 7 1 8 1 14 1 37 1 40 1 46 1 53 1 60 1 62 1 65 1 66 1 67 1 69 1 75 1 76 1 84 1 85 1 93 1 97 1 
23,0 1 3 1 5 1 8 1 15 1 20 1 25 1 35 1 38 1 43 1 48 1 49 1 52 1 55 1 61 1 86 1 89 1 95 1 99 1 
24,11 1 14 1 22 1 23 1 30 1 44 1 67 1 69 1 73 1 79 1 81 1 83 1 87 1 88 1 96 1 
25,1 1 3 1 4 1 5 1 6 1 8 1 9 1 10 1 12 1 13 1 16 1 17 1 20 1 24 1 28 1 29 1 30 1 31 1 32 1 33 1 38 1 39 1 40 1 49 1 55 1 56 1 57 1 62 1 65 1 67 1 68 1 69 1 73 1 75 1 76 1 88 1 89 1 90 1 93 1 99 1 
26,3 1 4 1 5 1 6 1 7 1 9 1 10 1 11 1 12 1 13 1 14 1 16 1 18 1 19 1 21 1 22 1 23 1 24 1 25 1 27 1 28 1 30 1 31 1 33 1 36 1 39 1 40 1 42 1 43 1 45 1 46 1 47 1 48 1 49 1 50 1 51 1 52 1 58 1 59 1 60 1 61 1 62 1 65 1 67 1 68 1 70 1 72 1 73 1 74 1 75 1 76 1 77 1 79 1 80 1 82 1 84 1 85 1 86 1 87 1 89 1 90 1 91 1 94 1 95 1 96 1 97 1 99 1 
27,0 1 3 1 6 1 8 1 9 1 11 1 12 1 16 1 19 1 21 1 23 1 25 1 26 1 31 1 32 1 34 1 36 1 39 1 40 1 44 1 45 1 46 1 47 1 48 1 49 1 50 1 51 1 53 1 56 1 58 1 59 1 60 1 62 1 63 1 64 1 65 1 67 1 68 1 69 1 70 1 71 1 73 1 74 1 75 1 76 1 77 1 78 1 79 1 80 1 82 1 84 1 86 1 88 1 90 1 91 1 92 1 94 1 95 1 
28,0 1 33 1 42 1 
29,4 1 14 1 20 1 43 1 55 1 57 1 69 1 70 1 77 1 83 1 84 1 88 1 91 1 99 1 
30,3 1 12 1 44 1 65 1 87 1 88 1 97 1 
31,0 1 1 1 2 1 3 1 4 1 5 1 6 1 7 1 8 1 9 1 10 1 11 1 12 1 13 1 14 1 15 1 16 1 17 1 18 1 21 1 23 1 24 1 25 1 26 1 27 1 28 1 29 1 30 1 32 1 33 1 34 1 35 1 36 1 37 1 38 1 39 1 40 1 41 1 42 1 43 1 44 1 46 1 47 1 48 1 49 1 50 1 51 1 52 1 53 1 54 1 56 1 57 1 58 1 59 1 60 1 61 1 62 1 63 1 64 1 65 1 66 1 67 1 68 1 69 1 70 1 71 1 72 1 73 1 74 1 75 1 76 1 77 1 78 1 80 1 81 1 83 1 84 1 87 1 88 1 89 1 90 1 91 1 92 1 94 1 95 1 96 1 97 1 98 1 99 1 
32,0 1 1 1 2 1 3 1 4 1 5 1 6 1 7 1 8 1 10 1 11 1 12 1 13 1 15 1 17 1 18 1 20 1 21 1 22 1 23 1 24 1 25 1 26 1 27 1 28 1 29 1 30 1 31 1 34 1 35 1 37 1 38 1 39 1 40 1 41 1 42 1 43 1 44 1 45 1 46 1 47 1 48 1 49 1 50 1 51 1 52 1 53 1 54 1 55 1 56 1 57 1 58 1 59 1 61 1 62 1 63 1 64 1 65 1 67 1 68 1 71 1 72 1 73 1 74 1 76 1 77 1 78 1 79 1 80 1 81 1 82 1 83 1 84 1 85 1 86 1 87 1 88 1 90 1 91 1 92 1 93 1 94 1 95 1 96 1 97 1 98 1 99 1 
33,1 1 3 1 4 1 5 1 6 1 7 1 8 1 9 1 10 1 11 1 13 1 14 1 15 1 16 1 17 1 20 1 21 1 23 1 25 1 27 1 28 1 30 1 31 1 32 1 34 1 37 1 38 1 39 1 40 1 41 1 42 1 44 1 45 1 46 1 47 1 50 1 52 1 54 1 55 1 56 1 57 1 58 1 59 1 61 1 62 1 64 1 65 1 67 1 69 1 70 1 73 1 74 1 76 1 77 1 78 1 80 1 81 1 83 1 84 1 85 1 86 1 87 1 88 1 89 1 90 1 91 1 93 1 94 1 95 1 96 1 97 1 
34,1 1 4 1 5 1 7 1 11 1 14 1 18 1 22 1 24 1 25 1 30 1 32 1 39 1 43 1 44 1 46 1 55 1 65 1 68 1 73 1 76 1 77 1 79 1 83 1 85 1 87 1 88 1 94 1 99 1 
35,2 1 6 1 10 1 14 1 15 1 19 1 26 1 30 1 33 1 34 1 38 1 43 1 44 1 49 1 58 1 62 1 64 1 67 1 68 1 70 1 72 1 74 1 76 1 80 1 81 1 87 1 89 1 90 1 91 1 93 1 
36,0 1 3 1 4 1 7 1 9 1 11 1 12 1 14 1 18 1 19 1 21 1 22 1 23 1 25 1 26 1 27 1 28 1 29 1 31 1 32 1 33 1 34 1 40 1 41 1 42 1 43 1 44 1 45 1 46 1 49 1 50 1 52 1 53 1 54 1 55 1 56 1 59 1 61 1 62 1 63 1 64 1 69 1 70 1 75 1 76 1 77 1 78 1 80 1 81 1 84 1 86 1 87 1 88 1 90 1 91 1 92 1 93 1 95 1 97 1 98 1 99 1 
37,0 1 1 1 2 1 3 1 4 1 5 1 6 1 7 1 8 1 9 1 10 1 11 1 12 1 13 1 14 1 15 1 16 1 17 1 18 1 19 1 20 1 21 1 22 1 23 1 25 1 26 1 27 1 28 1 29 1 30 1 31 1 32 1 33 1 34 1 35 1 36 1 39 1 40 1 41 1 42 1 43 1 45 1 46 1 47 1 48 1 50 1 51 1 52 1 53 1 54 1 55 1 56 1 57 1 58 1 59 1 60 1 62 1 63 1 64 1 65 1 67 1 68 1 69 1 70 1 71 1 72 1 74 1 75 1 76 1 77 1 78 1 79 1 80 1 81 1 82 1 83 1 85 1 86 1 87 1 88 1 89 1 90 1 91 1 92 1 93 1 94 1 95 1 96 1 97 1 98 1 99 1 
38,0 1 1 1 2 1 3 1 4 1 5 1 6 1 7 1 8 1 9 1 10 1 11 1 12 1 13 1 14 1 15 1 16 1 17 1 18 1 19 1 20 1 21 1 22 1 23 1 24 1 26 1 27 1 28 1 29 1 30 1 31 1 32 1 33 1 34 1 35 1 36 1 37 1 39 1 40 1 41 1 42 1 43 1 44 1 45 1 46 1 47 1 48 1 50 1 51 1 52 1 53 1 54 1 55 1 56 1 57 1 58 1 60 1 61 1 62 1 63 1 64 1 65 1 66 1 67 1 68 1 69 1 70 1 71 1 72 1 73 1 74 1 75 1 76 1 77 1 78 1 79 1 80 1 81 1 82 1 83 1 84 1 86 1 87 1 88 1 89 1 90 1 91 1 92 1 94 1 95 1 96 1 97 1 98 1 99 1 
39,2 1 4 1 5 1 11 1 15 1 16 1 17 1 19 1 20 1 23 1 26 1 27 1 29 1 31 1 35 1 37 1 41 1 42 1 44 1 47 1 48 1 49 1 50 1 51 1 52 1 56 1 62 1 64 1 65 1 66 1 67 1 68 1 69 1 70 1 75 1 76 1 77 1 78 1 79 1 81 1 82 1 84 1 87 1 89 1 91 1 94 1 95 1 97 1 98 1 99 1 
40,0 1 4 1 5 1 7 1 11 1 12 1 13 1 15 1 18 1 20 1 21 1 23 1 24 1 25 1 33 1 35 1 36 1 42 1 52 1 53 1 59 1 60 1 62 1 64 1 67 1 75 1 77 1 79 1 80 1 81 1 82 1 83 1 88 1 93 1 94 1 
41,3 1 21 1 48 1 56 1 73 1 98 1 
42,0 1 1 1 2 1 3 1 4 1 5 1 6 1 8 1 10 1 11 1 12 1 13 1 14 1 16 1 17 1 18 1 19 1 20 1 21 1 22 1 23 1 24 1 25 1 26 1 27 1 28 1 29 1 32 1 33 1 35 1 36 1 37 1 38 1 39 1 40 1 41 1 43 1 44 1 45 1 46 1 47 1 48 1 49 1 50 1 51 1 52 1 53 1 54 1 55 1 56 1 57 1 58 1 59 1 61 1 62 1 63 1 64 1 65 1 67 1 68 1 69 1 70 1 71 1 72 1 73 1 74 1 75 1 77 1 78 1 79 1 80 1 82 1 83 1 84 1 85 1 86 1 88 1 89 1 90 1 91 1 94 1 95 1 96 1 97 1 99 1 
43,1 1 6 1 8 1 12 1 15 1 17 1 24 1 26 1 30 1 34 1 42 1 50 1 55 1 59 1 78 1 89 1 90 1 93 1 95 1 98 1 
44,0 1 2 1 3 1 4 1 5 1 7 1 9 1 10 1 11 1 13 1 14 1 15 1 16 1 19 1 22 1 23 1 25 1 27 1 31 1 34 1 36 1 37 1 38 1 40 1 41 1 43 1 45 1 46 1 47 1 49 1 51 1 53 1 54 1 58 1 64 1 67 1 72 1 77 1 78 1 79 1 80 1 81 1 85 1 87 1 88 1 89 1 90 1 92 1 93 1 94 1 95 1 96 1 97 1 98 1 99 1 
45,2 1 3 1 5 1 10 1 11 1 16 1 20 1 23 1 24 1 29 1 31 1 33 1 34 1 38 1 39 1 42 1 44 1 51 1 53 1 54 1 56 1 57 1 58 1 59 1 60 1 62 1 63 1 66 1 67 1 69 1 74 1 76 1 78 1 80 1 81 1 83 1 84 1 85 1 90 1 91 1 92 1 96 1 99 1 
46,13 1 23 1 27 1 50 1 63 1 97 1 
47,0 1 3 1 7 1 25 1 26 1 36 1 37 1 40 1 41 1 45 1 46 1 49 1 53 1 62 1 63 1 70 1 77 1 79 1 86 1 87 1 90 1 93 1 99 1 
48,0 1 1 1 2 1 3 1 4 1 5 1 6 1 10 1 11 1 12 1 13 1 14 1 15 1 16 1 18 1 21 1 22 1 23 1 24 1 25 1 26 1 28 1 29 1 30 1 31 1 32 1 33 1 34 1 35 1 36 1 37 1 38 1 39 1 40 1 41 1 42 1 43 1 44 1 45 1 46 1 47 1 50 1 51 1 52 1 53 1 57 1 58 1 59 1 60 1 62 1 63 1 64 1 65 1 66 1 68 1 69 1 70 1 71 1 72 1 73 1 74 1 75 1 76 1 78 1 79 1 81 1 83 1 84 1 87 1 89 1 90 1 91 1 92 1 93 1 94 1 95 1 96 1 97 1 98 1 99 1 
49,0 1 1 1 3 1 5 1 6 1 7 1 8 1 9 1 10 1 11 1 14 1 15 1 16 1 17 1 18 1 20 1 21 1 22 1 23 1 24 1 25 1 30 1 33 1 34 1 36 1 37 1 38 1 39 1 40 1 44 1 45 1 47 1 48 1 50 1 51 1 52 1 53 1 58 1 61 1 62 1 63 1 65 1 66 1 67 1 68 1 69 1 72 1 74 1 76 1 77 1 79 1 85 1 87 1 88 1 89 1 90 1 91 1 94 1 95 1 98 1 99 1 
50,1 1 2 1 3 1 6 1 7 1 9 1 10 1 12 1 14 1 15 1 17 1 23 1 25 1 26 1 29 1 30 1 32 1 33 1 35 1 37 1 38 1 39 1 43 1 44 1 45 1 47 1 49 1 52 1 54 1 60 1 61 1 67 1 69 1 71 1 72 1 73 1 77 1 78 1 79 1 80 1 84 1 85 1 87 1 88 1 90 1 91 1 92 1 95 1 
51,0 1 1 1 2 1 3 1 4 1 5 1 6 1 7 1 8 1 9 1 10 1 11 1 13 1 14 1 16 1 17 1 18 1 19 1 20 1 21 1 22 1 23 1 24 1 25 1 26 1 27 1 28 1 29 1 30 1 31 1 32 1 33 1 34 1 35 1 36 1 37 1 38 1 39 1 40 1 42 1 43 1 44 1 45 1 47 1 48 1 49 1 50 1 52 1 53 1 55 1 56 1 57 1 58 1 59 1 60 1 61 1 62 1 63 1 65 1 66 1 67 1 68 1 69 1 71 1 72 1 73 1 74 1 75 1 76 1 77 1 78 1 80 1 81 1 82 1 84 1 85 1 86 1 87 1 88 1 89 1 90 1 91 1 92 1 93 1 94 1 96 1 97 1 98 1 99 1 
52,0 1 1 1 2 1 3 1 4 1 5 1 6 1 7 1 8 1 9 1 10 1 11 1 12 1 15 1 16 1 17 1 18 1 19 1 20 1 23 1 25 1 26 1 29 1 30 1 32 1 33 1 34 1 35 1 37 1 38 1 40 1 41 1 42 1 43 1 44 1 45 1 47 1 49 1 50 1 51 1 53 1 54 1 55 1 56 1 58 1 59 1 61 1 63 1 64 1 65 1 67 1 68 1 69 1 70 1 71 1 73 1 74 1 75 1 76 1 78 1 79 1 80 1 82 1 83 1 84 1 85 1 86 1 88 1 90 1 91 1 92 1 93 1 94 1 95 1 96 1 97 1 98 1 99 1 
53,0 1 5 1 6 1 8 1 11 1 12 1 13 1 15 1 16 1 18 1 24 1 31 1 33 1 36 1 41 1 43 1 47 1 59 1 64 1 65 1 70 1 74 1 92 1 95 1 
54,2 1 3 1 8 1 10 1 11 1 13 1 14 1 17 1 21 1 22 1 24 1 25 1 27 1 28 1 32 1 34 1 35 1 37 1 38 1 39 1 40 1 43 1 46 1 47 1 48 1 51 1 52 1 55 1 57 1 60 1 61 1 64 1 65 1 67 1 70 1 72 1 74 1 76 1 79 1 80 1 81 1 84 1 87 1 88 1 90 1 92 1 95 1 96 1 
55,2 1 3 1 4 1 6 1 7 1 9 1 11 1 12 1 14 1 15 1 17 1 19 1 20 1 23 1 25 1 26 1 27 1 28 1 30 1 31 1 32 1 33 1 35 1 36 1 37 1 41 1 43 1 44 1 49 1 50 1 53 1 54 1 57 1 58 1 59 1 61 1 64 1 65 1 66 1 67 1 68 1 69 1 70 1 73 1 75 1 80 1 81 1 83 1 87 1 88 1 90 1 91 1 92 1 93 1 96 1 98 1 
56,1 1 2 1 3 1 6 1 7 1 8 1 9 1 11 1 12 1 16 1 17 1 18 1 19 1 21 1 22 1 25 1 27 1 29 1 30 1 31 1 32 1 33 1 34 1 36 1 37 1 40 1 42 1 43 1 44 1 51 1 52 1 54 1 57 1 59 1 61 1 62 1 64 1 66 1 67 1 68 1 72 1 73 1 74 1 75 1 79 1 80 1 82 1 83 1 87 1 88 1 89 1 91 1 94 1 95 1 96 1 99 1 
57,0 1 1 1 2 1 3 1 8 1 9 1 12 1 13 1 15 1 19 1 20 1 23 1 24 1 25 1 26 1 29 1 32 1 33 1 35 1 37 1 40 1 42 1 44 1 45 1 46 1 48 1 50 1 54 1 55 1 56 1 59 1 60 1 62 1 64 1 65 1 69 1 71 1 72 1 76 1 78 1 80 1 82 1 83 1 84 1 89 1 90 1 92 1 95 1 96 1 97 1 
58,7 1 16 1 23 1 39 1 43 1 51 1 52 1 55 1 80 1 99 1 
59,11 1 15 1 18 1 19 1 32 1 33 1 36 1 38 1 42 1 44 1 45 1 54 1 55 1 60 1 83 1 
60,0 1 1 1 2 1 3 1 4 1 5 1 6 1 7 1 8 1 9 1 10 1 11 1 13 1 14 1 15 1 16 1 17 1 19 1 21 1 22 1 24 1 26 1 27 1 29 1 30 1 31 1 33 1 34 1 35 1 36 1 37 1 38 1 39 1 40 1 41 1 42 1 43 1 44 1 45 1 46 1 47 1 48 1 49 1 50 1 51 1 52 1 53 1 54 1 56 1 57 1 58 1 59 1 61 1 62 1 64 1 65 1 66 1 67 1 68 1 69 1 70 1 71 1 72 1 73 1 74 1 75 1 77 1 78 1 79 1 80 1 81 1 83 1 84 1 85 1 86 1 87 1 88 1 89 1 90 1 91 1 92 1 94 1 95 1 96 1 98 1 99 1 
61,0 1 2 1 4 1 5 1 6 1 9 1 10 1 11 1 13 1 15 1 17 1 18 1 20 1 21 1 23 1 27 1 28 1 29 1 31 1 37 1 38 1 42 1 47 1 48 1 49 1 50 1 51 1 55 1 56 1 57 1 58 1 59 1 60 1 64 1 66 1 69 1 70 1 72 1 75 1 76 1 77 1 79 1 81 1 82 1 83 1 84 1 85 1 86 1 87 1 92 1 93 1 94 1 95 1 97 1 98 1 
62,0 1 2 1 3 1 4 1 5 1 6 1 9 1 11 1 12 1 13 1 15 1 17 1 18 1 20 1 21 1 22 1 24 1 25 1 26 1 28 1 29 1 31 1 32 1 33 1 34 1 35 1 36 1 37 1 39 1 40 1 42 1 43 1 44 1 45 1 46 1 47 1 48 1 51 1 53 1 55 1 57 1 58 1 59 1 64 1 65 1 66 1 67 1 68 1 69 1 70 1 71 1 72 1 74 1 75 1 76 1 77 1 78 1 80 1 82 1 83 1 84 1 85 1 86 1 87 1 89 1 90 1 91 1 92 1 93 1 94 1 95 1 96 1 97 1 98 1 
63,1 1 2 1 4 1 5 1 6 1 8 1 11 1 15 1 19 1 20 1 21 1 22 1 23 1 24 1 26 1 27 1 28 1 29 1 31 1 32 1 33 1 34 1 35 1 36 1 37 1 38 1 39 1 40 1 41 1 45 1 46 1 47 1 48 1 49 1 50 1 51 1 52 1 53 1 54 1 55 1 56 1 57 1 58 1 59 1 60 1 61 1 62 1 64 1 65 1 66 1 67 1 68 1 72 1 75 1 76 1 78 1 79 1 80 1 81 1 83 1 84 1 86 1 87 1 88 1 89 1 91 1 94 1 95 1 96 1 97 1 98 1 
64,0 1 1 1 3 1 4 1 5 1 6 1 8 1 9 1 14 1 16 1 17 1 18 1 19 1 20 1 21 1 22 1 24 1 25 1 26 1 28 1 29 1 30 1 32 1 33 1 34 1 35 1 36 1 37 1 38 1 39 1 41 1 42 1 43 1 45 1 46 1 47 1 48 1 49 1 50 1 51 1 52 1 53 1 54 1 55 1 56 1 59 1 60 1 61 1 63 1 65 1 66 1 67 1 68 1 69 1 70 1 71 1 72 1 73 1 74 1 75 1 76 1 78 1 79 1 81 1 82 1 83 1 85 1 87 1 88 1 91 1 93 1 94 1 95 1 96 1 97 1 98 1 99 1 
65,0 1 2 1 4 1 5 1 7 1 8 1 9 1 10 1 11 1 12 1 13 1 15 1 16 1 17 1 18 1 19 1 20 1 21 1 23 1 24 1 25 1 26 1 27 1 28 1 29 1 30 1 31 1 32 1 34 1 35 1 36 1 37 1 38 1 39 1 40 1 41 1 42 1 43 1 44 1 45 1 46 1 47 1 49 1 50 1 51 1 52 1 53 1 54 1 55 1 56 1 57 1 58 1 59 1 60 1 61 1 63 1 64 1 66 1 67 1 68 1 69 1 70 1 71 1 72 1 73 1 74 1 75 1 76 1 77 1 78 1 79 1 80 1 81 1 82 1 83 1 84 1 86 1 87 1 88 1 89 1 90 1 91 1 92 1 93 1 95 1 96 1 
66,0 1 5 1 8 1 18 1 23 1 24 1 29 1 49 1 50 1 55 1 58 1 61 1 75 1 81 1 86 1 89 1 91 1 93 1 97 1 
67,10 1 23 1 38 1 48 1 88 1 89 1 
68,0 1 1 1 2 1 3 1 5 1 6 1 8 1 9 1 10 1 11 1 12 1 13 1 14 1 15 1 16 1 19 1 20 1 21 1 22 1 23 1 25 1 26 1 28 1 29 1 31 1 33 1 35 1 39 1 40 1 43 1 46 1 47 1 48 1 49 1 51 1 52 1 56 1 57 1 58 1 60 1 61 1 63 1 66 1 69 1 70 1 72 1 74 1 75 1 76 1 77 1 78 1 79 1 80 1 84 1 85 1 86 1 88 1 90 1 93 1 94 1 95 1 96 1 97 1 
69,9 1 11 1 12 1 15 1 18 1 26 1 28 1 31 1 34 1 40 1 44 1 47 1 48 1 49 1 53 1 54 1 62 1 64 1 66 1 71 1 72 1 76 1 79 1 80 1 84 1 92 1 93 1 99 1 
70,0 1 1 1 2 1 4 1 5 1 6 1 7 1 9 1 10 1 15 1 16 1 17 1 18 1 19 1 20 1 21 1 22 1 25 1 26 1 27 1 28 1 30 1 31 1 32 1 36 1 37 1 38 1 39 1 40 1 41 1 42 1 43 1 44 1 45 1 46 1 49 1 50 1 51 1 52 1 53 1 56 1 57 1 58 1 60 1 61 1 63 1 64 1 67 1 68 1 74 1 77 1 79 1 81 1 83 1 86 1 88 1 90 1 91 1 92 1 95 1 96 1 99 1 
71,3 1 5 1 6 1 8 1 13 1 14 1 16 1 17 1 20 1 21 1 23 1 24 1 25 1 26 1 30 1 34 1 35 1 36 1 38 1 39 1 40 1 42 1 43 1 45 1 46 1 48 1 50 1 51 1 52 1 53 1 54 1 55 1 56 1 57 1 58 1 59 1 60 1 61 1 62 1 63 1 64 1 67 1 72 1 73 1 74 1 75 1 76 1 78 1 79 1 82 1 85 1 86 1 87 1 89 1 90 1 91 1 92 1 94 1 95 1 96 1 97 1 
72,2 1 3 1 8 1 9 1 10 1 12 1 13 1 15 1 16 1 17 1 20 1 26 1 28 1 29 1 30 1 31 1 32 1 34 1 35 1 36 1 37 1 39 1 40 1 41 1 43 1 44 1 45 1 47 1 51 1 52 1 53 1 55 1 56 1 57 1 58 1 59 1 60 1 62 1 63 1 65 1 66 1 67 1 68 1 69 1 70 1 74 1 75 1 77 1 78 1 79 1 82 1 83 1 84 1 85 1 86 1 88 1 90 1 92 1 95 1 98 1 99 1 
73,0 1 1 1 2 1 3 1 4 1 5 1 6 1 7 1 8 1 9 1 10 1 11 1 12 1 13 1 14 1 15 1 16 1 17 1 18 1 19 1 20 1 21 1 22 1 23 1 24 1 25 1 26 1 27 1 28 1 29 1 30 1 31 1 32 1 33 1 34 1 35 1 36 1 37 1 38 1 39 1 40 1 41 1 42 1 43 1 44 1 45 1 46 1 47 1 48 1 49 1 50 1 51 1 52 1 53 1 54 1 55 1 56 1 57 1 58 1 59 1 60 1 61 1 62 1 63 1 64 1 65 1 66 1 67 1 68 1 69 1 70 1 71 1 72 1 74 1 75 1 76 1 77 1 78 1 79 1 80 1 81 1 82 1 83 1 84 1 85 1 86 1 87 1 88 1 89 1 90 1 91 1 92 1 93 1 94 1 95 1 96 1 97 1 98 1 99 1 
74,1 1 4 1 5 1 6 1 7 1 8 1 9 1 10 1 11 1 12 1 14 1 15 1 16 1 17 1 18 1 19 1 20 1 21 1 23 1 25 1 26 1 27 1 28 1 29 1 30 1 31 1 32 1 33 1 34 1 35 1 37 1 38 1 39 1 40 1 41 1 43 1 44 1 45 1 46 1 47 1 48 1 49 1 50 1 53 1 54 1 55 1 56 1 59 1 60 1 61 1 62 1 63 1 65 1 66 1 67 1 72 1 73 1 76 1 77 1 81 1 82 1 83 1 84 1 85 1 87 1 88 1 89 1 91 1 92 1 93 1 94 1 96 1 
75,0 1 3 1 4 1 9 1 10 1 11 1 12 1 13 1 14 1 19 1 21 1 22 1 25 1 27 1 29 1 31 1 36 1 37 1 40 1 41 1 42 1 43 1 44 1 45 1 47 1 49 1 51 1 53 1 56 1 57 1 58 1 59 1 60 1 63 1 66 1 67 1 69 1 70 1 71 1 72 1 74 1 76 1 78 1 79 1 80 1 81 1 83 1 84 1 87 1 90 1 91 1 96 1 97 1 
76,1 1 2 1 4 1 5 1 6 1 7 1 8 1 9 1 13 1 14 1 15 1 17 1 18 1 19 1 20 1 21 1 22 1 23 1 25 1 26 1 27 1 28 1 29 1 30 1 31 1 33 1 35 1 36 1 38 1 39 1 41 1 42 1 43 1 44 1 45 1 46 1 47 1 48 1 50 1 51 1 52 1 53 1 55 1 56 1 57 1 58 1 59 1 60 1 61 1 63 1 64 1 65 1 68 1 70 1 71 1 72 1 73 1 74 1 75 1 79 1 80 1 81 1 83 1 84 1 87 1 88 1 89 1 90 1 92 1 93 1 95 1 96 1 97 1 98 1 99 1 
77,0 1 1 1 3 1 5 1 6 1 8 1 9 1 10 1 11 1 14 1 15 1 16 1 17 1 18 1 19 1 21 1 22 1 23 1 24 1 27 1 29 1 32 1 33 1 35 1 36 1 37 1 38 1 39 1 41 1 42 1 44 1 45 1 46 1 47 1 48 1 50 1 52 1 53 1 54 1 55 1 56 1 58 1 59 1 60 1 61 1 62 1 63 1 64 1 66 1 67 1 70 1 72 1 73 1 74 1 75 1 76 1 79 1 80 1 81 1 82 1 83 1 84 1 85 1 86 1 87 1 88 1 90 1 91 1 93 1 94 1 95 1 96 1 98 1 
78,11 1 42 1 81 1 
79,0 1 2 1 3 1 5 1 6 1 7 1 9 1 12 1 17 1 21 1 22 1 23 1 26 1 27 1 28 1 31 1 34 1 36 1 40 1 41 1 42 1 44 1 47 1 49 1 52 1 54 1 56 1 57 1 58 1 59 1 61 1 62 1 63 1 65 1 66 1 68 1 72 1 73 1 74 1 75 1 76 1 78 1 80 1 81 1 82 1 84 1 85 1 86 1 89 1 91 1 92 1 94 1 95 1 97 1 98 1 99 1 
80,2 1 9 1 16 1 19 1 22 1 23 1 31 1 36 1 37 1 42 1 43 1 46 1 48 1 59 1 65 1 67 1 74 1 76 1 83 1 95 1 
81,0 1 2 1 5 1 7 1 8 1 9 1 12 1 15 1 16 1 17 1 18 1 22 1 26 1 28 1 29 1 31 1 32 1 34 1 35 1 38 1 39 1 40 1 42 1 43 1 44 1 48 1 49 1 52 1 53 1 56 1 57 1 58 1 61 1 62 1 64 1 67 1 68 1 69 1 70 1 72 1 73 1 75 1 78 1 79 1 82 1 84 1 85 1 86 1 87 1 90 1 93 1 97 1 98 1 
82,1 1 2 1 3 1 9 1 10 1 11 1 17 1 18 1 21 1 25 1 26 1 27 1 29 1 31 1 33 1 34 1 39 1 43 1 45 1 51 1 53 1 57 1 61 1 62 1 63 1 65 1 66 1 68 1 74 1 78 1 86 1 87 1 88 1 89 1 93 1 94 1 97 1 
83,1 1 2 1 3 1 7 1 8 1 11 1 16 1 17 1 20 1 27 1 29 1 32 1 34 1 39 1 40 1 41 1 42 1 43 1 47 1 48 1 51 1 52 1 55 1 56 1 57 1 60 1 61 1 62 1 66 1 67 1 69 1 70 1 71 1 72 1 75 1 76 1 77 1 78 1 81 1 85 1 86 1 87 1 88 1 89 1 92 1 95 1 96 1 98 1 
84,0 1 2 1 3 1 4 1 5 1 6 1 7 1 8 1 9 1 10 1 11 1 12 1 15 1 17 1 18 1 20 1 21 1 22 1 23 1 24 1 25 1 26 1 29 1 30 1 33 1 34 1 35 1 36 1 37 1 38 1 40 1 41 1 42 1 43 1 46 1 47 1 48 1 52 1 53 1 55 1 56 1 57 1 58 1 59 1 60 1 61 1 63 1 64 1 66 1 67 1 68 1 70 1 71 1 72 1 73 1 75 1 76 1 78 1 79 1 81 1 82 1 83 1 85 1 87 1 88 1 89 1 90 1 91 1 96 1 97 1 98 1 
85,0 1 1 1 2 1 8 1 10 1 14 1 15 1 17 1 18 1 21 1 22 1 23 1 24 1 25 1 27 1 29 1 31 1 33 1 35 1 36 1 38 1 42 1 44 1 45 1 46 1 48 1 49 1 50 1 51 1 53 1 55 1 57 1 60 1 61 1 62 1 63 1 64 1 67 1 68 1 69 1 73 1 75 1 76 1 77 1 78 1 79 1 81 1 86 1 91 1 93 1 95 1 96 1 98 1 
86,0 1 3 1 5 1 7 1 9 1 17 1 20 1 21 1 22 1 29 1 36 1 38 1 40 1 45 1 49 1 50 1 51 1 61 1 63 1 70 1 72 1 73 1 74 1 76 1 80 1 82 1 83 1 87 1 89 1 92 1 93 1 94 1 95 1 96 1 98 1 99 1 
87,0 1 1 1 2 1 3 1 4 1 5 1 6 1 7 1 8 1 10 1 11 1 12 1 13 1 14 1 15 1 16 1 17 1 18 1 19 1 20 1 21 1 22 1 23 1 24 1 25 1 26 1 27 1 28 1 29 1 30 1 31 1 32 1 33 1 34 1 35 1 36 1 37 1 38 1 39 1 40 1 41 1 42 1 43 1 44 1 45 1 46 1 47 1 48 1 49 1 50 1 51 1 52 1 53 1 54 1 55 1 57 1 59 1 60 1 61 1 62 1 63 1 64 1 65 1 66 1 67 1 68 1 69 1 70 1 71 1 72 1 73 1 74 1 75 1 76 1 77 1 79 1 80 1 81 1 82 1 83 1 84 1 85 1 86 1 88 1 89 1 90 1 91 1 92 1 93 1 94 1 95 1 96 1 97 1 98 1 99 1 
88,1 1 3 1 4 1 5 1 7 1 9 1 10 1 11 1 12 1 13 1 14 1 15 1 17 1 19 1 23 1 25 1 26 1 28 1 29 1 37 1 38 1 40 1 41 1 42 1 49 1 52 1 53 1 54 1 56 1 57 1 59 1 60 1 62 1 63 1 64 1 65 1 66 1 67 1 70 1 71 1 72 1 75 1 78 1 79 1 81 1 82 1 83 1 85 1 87 1 92 1 93 1 94 1 95 1 96 1 97 1 98 1 
89,0 1 1 1 2 1 3 1 4 1 8 1 10 1 13 1 14 1 15 1 16 1 17 1 18 1 19 1 21 1 22 1 23 1 25 1 26 1 28 1 29 1 31 1 33 1 35 1 36 1 41 1 44 1 45 1 47 1 53 1 54 1 56 1 59 1 61 1 62 1 63 1 64 1 65 1 66 1 68 1 69 1 70 1 72 1 73 1 74 1 75 1 76 1 77 1 79 1 80 1 81 1 83 1 84 1 85 1 86 1 88 1 91 1 97 1 98 1 
90,0 1 4 1 8 1 9 1 10 1 13 1 14 1 15 1 16 1 18 1 20 1 21 1 22 1 23 1 24 1 26 1 28 1 29 1 31 1 33 1 34 1 39 1 40 1 43 1 46 1 47 1 48 1 51 1 52 1 56 1 59 1 60 1 63 1 64 1 65 1 66 1 67 1 68 1 70 1 71 1 73 1 74 1 77 1 78 1 79 1 80 1 81 1 82 1 84 1 85 1 86 1 87 1 88 1 91 1 93 1 95 1 96 1 
91,5 1 7 1 12 1 17 1 21 1 22 1 24 1 31 1 38 1 39 1 44 1 48 1 49 1 61 1 63 1 71 1 72 1 81 1 82 1 84 1 89 1 94 1 96 1 98 1 
92,0 1 1 1 2 1 4 1 5 1 6 1 8 1 10 1 12 1 15 1 16 1 17 1 18 1 19 1 20 1 21 1 22 1 23 1 24 1 25 1 26 1 28 1 29 1 30 1 31 1 32 1 33 1 34 1 35 1 37 1 39 1 41 1 42 1 43 1 45 1 46 1 47 1 48 1 50 1 51 1 52 1 53 1 54 1 55 1 56 1 58 1 60 1 61 1 62 1 64 1 65 1 66 1 68 1 69 1 70 1 71 1 72 1 78 1 79 1 80 1 81 1 83 1 84 1 85 1 86 1 87 1 88 1 89 1 90 1 94 1 95 1 96 1 97 1 98 1 99 1 
93,0 1 2 1 3 1 9 1 12 1 13 1 15 1 20 1 22 1 23 1 24 1 27 1 28 1 31 1 32 1 33 1 35 1 36 1 38 1 39 1 40 1 45 1 48 1 49 1 52 1 56 1 57 1 59 1 60 1 61 1 62 1 65 1 66 1 67 1 69 1 70 1 72 1 77 1 78 1 79 1 85 1 89 1 90 1 92 1 94 1 97 1 98 1 99 1 
94,1 1 2 1 3 1 4 1 5 1 6 1 7 1 8 1 10 1 12 1 13 1 14 1 15 1 16 1 18 1 19 1 20 1 21 1 22 1 23 1 24 1 25 1 26 1 27 1 28 1 29 1 31 1 32 1 33 1 34 1 35 1 36 1 37 1 38 1 39 1 40 1 41 1 42 1 43 1 45 1 46 1 47 1 48 1 49 1 50 1 51 1 52 1 54 1 55 1 57 1 58 1 59 1 60 1 61 1 63 1 64 1 66 1 67 1 68 1 69 1 70 1 71 1 72 1 73 1 76 1 79 1 80 1 81 1 83 1 85 1 86 1 87 1 88 1 89 1 90 1 91 1 92 1 93 1 95 1 97 1 98 1 99 1 
95,1 1 2 1 5 1 8 1 14 1 21 1 40 1 41 1 47 1 60 1 63 1 67 1 71 1 78 1 81 1 85 1 88 1 89 1 96 1 
96,0 1 2 1 3 1 6 1 7 1 8 1 9 1 11 1 12 1 14 1 15 1 16 1 18 1 19 1 20 1 21 1 22 1 24 1 25 1 29 1 30 1 31 1 32 1 33 1 34 1 35 1 36 1 37 1 40 1 41 1 43 1 45 1 46 1 48 1 49 1 54 1 55 1 56 1 57 1 58 1 59 1 61 1 63 1 64 1 65 1 66 1 67 1 69 1 70 1 71 1 72 1 74 1 75 1 76 1 77 1 78 1 81 1 82 1 83 1 86 1 87 1 88 1 89 1 90 1 91 1 92 1 93 1 94 1 97 1 99 1 
97,0 1 2 1 9 1 11 1 12 1 16 1 19 1 22 1 24 1 28 1 29 1 30 1 31 1 34 1 40 1 41 1 42 1 45 1 48 1 50 1 52 1 54 1 56 1 60 1 63 1 64 1 69 1 73 1 74 1 76 1 77 1 78 1 79 1 80 1 83 1 87 1 90 1 91 1 96 1 
98,0 1 3 1 4 1 5 1 6 1 8 1 10 1 11 1 12 1 13 1 14 1 16 1 17 1 18 1 20 1 21 1 23 1 25 1 26 1 27 1 29 1 30 1 32 1 33 1 34 1 35 1 36 1 37 1 39 1 40 1 41 1 42 1 44 1 45 1 47 1 48 1 49 1 50 1 51 1 52 1 53 1 54 1 56 1 57 1 59 1 60 1 61 1 63 1 65 1 69 1 70 1 71 1 72 1 73 1 74 1 75 1 77 1 78 1 81 1 85 1 86 1 87 1 88 1 89 1 90 1 91 1 93 1 94 1 95 1 96 1 
99,0 1 1 1 4 1 6 1 8 1 9 1 10 1 11 1 12 1 14 1 15 1 16 1 17 1 19 1 20 1 21 1 22 1 23 1 24 1 26 1 27 1 28 1 29 1 30 1 31 1 32 1 34 1 35 1 36 1 37 1 38 1 39 1 40 1 41 1 42 1 44 1 46 1 47 1 48 1 50 1 51 1 52 1 53 1 54 1 55 1 57 1 58 1 59 1 60 1 61 1 62 1 63 1 64 1 65 1 66 1 67 1 68 1 69 1 70 1 73 1 75 1 78 1 79 1 80 1 81 1 83 1 84 1 86 1 87 1 88 1 89 1 90 1 91 1 93 1 97 1 98 1 
10
2 48 0.0022
18 32 0.0032
18 82 0.0048
34 68 0.0022
35 50 0.0047
42 83 0.0041
55 49 0.0027
67 56 0.002
79 36 0.0023
80 95 0.0023
100
1 5 0.0031 96
1 48 0.0024 30
2 82 0.0014 81
5 4 0.0042 25
5 39 0.0013 99
5 77 0.0034 100
6 0 0.0043 86
8 26 0.0028 47
8 91 0.0026 81
9 89 0.0017 53
10 12 0.0032 63
11 64 0.0014 42
11 74 0.0045 30
12 47 0.0011 39
13 35 0.0044 9
14 10 0.0017 19
14 27 0.005 23
14 41 0.0045 48
15 39 0.003 22
18 42 0.004 53
21 24 0.0029 12
21 94 0.0019 83
22 17 0.0049 48
22 40 0.0027 55
22 82 0.0019 79
24 46 0.0036 68
25 80 0.0018 60
27 56 0.0015 68
28 53 0.0032 70
28 78 0.0029 88
29 26 0.0038 60
30 66 0.0028 84
30 86 0.0015 76
31 1 0.0011 50
31 41 0.0034 53
31 54 0.0015 41
35 62 0.0034 46
35 66 0.0013 59
36 56 0.0025 81
37 93 0.0046 51
37 94 0.0033 72
39 36 0.0034 43
40 23 0.0044 10
40 66 0.0039 65
42 3 0.0039 43
42 86 0.0046 36
48 23 0.0031 80
48 29 0.0041 66
49 76 0.0015 55
51 5 0.0015 5
51 34 0.0036 14
52 99 0.0026 11
53 38 0.0049 33
54 59 0.0013 59
54 78 0.0019 30
55 18 0.0038 70
56 17 0.0019 31
56 43 0.0017 11
57 77 0.0022 63
58 81 0.0032 88
59 25 0.0044 43
60 66 0.0048 88
62 45 0.0036 66
62 60 0.0027 71
62 97 0.0022 36
63 50 0.0047 41
63 58 0.0049 68
64 54 0.0045 93
64 66 0.0039 97
66 42 0.0033 28
68 83 0.0012 96
72 50 0.0036 82
72 74 0.0046 50
73 44 0.0014 78
73 68 0.0017 34
74 6 0.0015 57
74 19 0.0032 65
74 95 0.0041 83
75 34 0.0046 10
76 79 0.0032 86
78 9 0.004 74
78 46 0.0024 100
79 1 0.0042 93
79 55 0.0017 93
82 75 0.0047 87
83 79 0.0022 64
85 58 0.0037 39
86 27 0.0028 17
87 30 0.0032 36
88 39 0.002 68
89 6 0.0024 20
90 96 0.0015 48
90 99 0.0021 69
92 71 0.0043 5
92 76 0.0027 78
93 47 0.0047 96
94 63 0.0012 63
95 45 0.0046 40
95 54 0.002 80
98 5 0.0036 70
2
