100
0,3 1 5 1 6 1 7 1 8 1 9 1 10 1 11 1 12 1 14 1 15 1 20 1 21 1 22 1 24 1 26 1 27 1 28 1 32 1 37 1 42 1 44 1 47 1 49 1 50 1 51 1 54 1 55 1 56 1 57 1 58 1 60 1 61 1 62 1 64 1 66 1 75 1 76 1 78 1 79 1 81 1 86 1 87 1 89 1 91 1 
1,0 1 2 1 3 1 4 1 5 1 6 1 7 1 9 1 10 1 11 1 12 1 13 1 14 1 15 1 17 1 18 1 19 1 20 1 21 1 22 1 23 1 24 1 25 1 26 1 27 1 28 1 29 1 30 1 31 1 32 1 33 1 34 1 35 1 36 1 37 1 38 1 39 1 40 1 41 1 43 1 44 1 45 1 46 1 47 1 48 1 49 1 50 1 51 1 52 1 53 1 54 1 55 1 56 1 57 1 58 1 59 1 60 1 61 1 62 1 63 1 64 1 65 1 66 1 67 1 68 1 69 1 70 1 71 1 73 1 74 1 75 1 76 1 77 1 78 1 79 1 80 1 81 1 82 1 83 1 84 1 85 1 86 1 87 1 88 1 89 1 90 1 91 1 92 1 93 1 94 1 95 1 96 1 97 1 98 1 99 1 
2,1 1 3 1 5 1 7 1 10 1 13 1 14 1 17 1 18 1 19 1 20 1 22 1 23 1 24 1 26 1 31 1 33 1 35 1 38 1 40 1 47 1 50 1 51 1 56 1 57 1 58 1 59 1 61 1 63 1 66 1 68 1 69 1 71 1 72 1 74 1 77 1 78 1 79 1 80 1 84 1 86 1 88 1 89 1 90 1 91 1 92 1 94 1 95 1 96 1 99 1 
3,0 1 1 1 2 1 4 1 7 1 8 1 9 1 11 1 12 1 14 1 16 1 19 1 21 1 22 1 23 1 24 1 25 1 28 1 29 1 31 1 33 1 34 1 36 1 37 1 38 1 41 1 42 1 43 1 44 1 45 1 46 1 47 1 48 1 50 1 51 1 52 1 53 1 54 1 59 1 61 1 62 1 63 1 64 1 65 1 67 1 68 1 69 1 71 1 72 1 73 1 74 1 75 1 76 1 77 1 78 1 81 1 83 1 84 1 85 1 88 1 89 1 92 1 93 1 94 1 95 1 96 1 
4,2 1 9 1 13 1 16 1 24 1 26 1 28 1 30 1 31 1 35 1 36 1 37 1 39 1 40 1 42 1 44 1 47 1 51 1 52 1 53 1 54 1 55 1 58 1 59 1 60 1 61 1 63 1 65 1 67 1 69 1 76 1 81 1 83 1 88 1 91 1 92 1 95 1 96 1 97 1 
5,3 1 12 1 13 1 18 1 28 1 31 1 32 1 46 1 66 1 71 1 74 1 78 1 83 1 92 1 95 1 
6,0 1 1 1 2 1 3 1 4 1 5 1 7 1 8 1 9 1 10 1 11 1 12 1 13 1 14 1 15 1 16 1 17 1 18 1 19 1 20 1 22 1 23 1 24 1 25 1 26 1 27 1 28 1 30 1 31 1 32 1 33 1 34 1 35 1 37 1 38 1 40 1 41 1 42 1 43 1 44 1 45 1 46 1 47 1 48 1 50 1 51 1 52 1 53 1 54 1 55 1 56 1 57 1 58 1 59 1 60 1 61 1 62 1 63 1 64 1 66 1 67 1 68 1 69 1 70 1 71 1 72 1 73 1 75 1 76 1 77 1 78 1 79 1 80 1 81 1 82 1 83 1 84 1 85 1 86 1 87 1 88 1 89 1 92 1 93 1 94 1 95 1 97 1 98 1 99 1 
7,4 1 8 1 10 1 12 1 15 1 16 1 20 1 22 1 23 1 28 1 37 1 38 1 41 1 46 1 47 1 49 1 52 1 55 1 57 1 58 1 64 1 70 1 73 1 79 1 85 1 86 1 90 1 91 1 94 1 99 1 
8,0 1 1 1 3 1 5 1 6 1 7 1 9 1 10 1 11 1 13 1 14 1 16 1 18 1 19 1 20 1 21 1 22 1 23 1 24 1 25 1 26 1 27 1 28 1 29 1 30 1 31 1 32 1 33 1 34 1 35 1 36 1 37 1 38 1 39 1 40 1 41 1 42 1 43 1 44 1 45 1 47 1 48 1 49 1 50 1 51 1 52 1 53 1 54 1 55 1 56 1 58 1 59 1 60 1 62 1 63 1 65 1 66 1 67 1 69 1 70 1 71 1 72 1 73 1 74 1 76 1 77 1 78 1 79 1 80 1 81 1 82 1 83 1 84 1 85 1 86 1 87 1 88 1 89 1 91 1 93 1 94 1 96 1 97 1 98 1 99 1 
9,0 1 3 1 32 1 33 1 38 1 45 1 48 1 59 1 85 1 91 1 
10,0 1 1 1 5 1 6 1 7 1 9 1 11 1 13 1 14 1 16 1 18 1 19 1 25 1 28 1 29 1 30 1 31 1 33 1 36 1 37 1 39 1 41 1 42 1 48 1 49 1 52 1 53 1 54 1 56 1 59 1 60 1 61 1 68 1 69 1 70 1 71 1 73 1 76 1 77 1 78 1 79 1 80 1 81 1 82 1 88 1 90 1 93 1 95 1 97 1 98 1 99 1 
11,0 1 2 1 5 1 6 1 9 1 10 1 16 1 17 1 22 1 23 1 25 1 29 1 31 1 33 1 38 1 39 1 42 1 45 1 46 1 50 1 52 1 59 1 60 1 65 1 67 1 69 1 71 1 74 1 78 1 81 1 83 1 91 1 94 1 
12,0 1 1 1 2 1 4 1 7 1 8 1 10 1 14 1 15 1 16 1 20 1 22 1 24 1 25 1 26 1 28 1 30 1 31 1 33 1 38 1 40 1 41 1 42 1 43 1 44 1 46 1 48 1 50 1 51 1 52 1 54 1 55 1 58 1 60 1 61 1 62 1 64 1 65 1 69 1 71 1 72 1 74 1 75 1 78 1 79 1 82 1 84 1 85 1 86 1 87 1 88 1 89 1 90 1 91 1 93 1 94 1 95 1 96 1 97 1 98 1 99 1 
13,0 1 1 1 2 1 3 1 4 1 5 1 6 1 8 1 9 1 10 1 11 1 14 1 15 1 16 1 17 1 18 1 20 1 21 1 22 1 23 1 24 1 26 1 28 1 29 1 30 1 31 1 33 1 34 1 35 1 36 1 38 1 39 1 40 1 42 1 43 1 45 1 46 1 47 1 49 1 50 1 51 1 52 1 53 1 54 1 57 1 58 1 60 1 61 1 62 1 63 1 64 1 65 1 66 1 67 1 68 1 69 1 70 1 71 1 72 1 74 1 75 1 76 1 77 1 78 1 79 1 80 1 81 1 82 1 83 1 85 1 86 1 87 1 88 1 89 1 90 1 91 1 92 1 93 1 94 1 95 1 96 1 97 1 98 1 99 1 
14,0 1 1 1 2 1 3 1 4 1 5 1 6 1 7 1 8 1 9 1 10 1 11 1 12 1 15 1 16 1 17 1 18 1 19 1 21 1 22 1 23 1 24 1 28 1 29 1 30 1 31 1 32 1 33 1 35 1 36 1 37 1 38 1 39 1 40 1 41 1 44 1 45 1 46 1 47 1 49 1 50 1 51 1 52 1 53 1 54 1 55 1 56 1 57 1 58 1 59 1 60 1 61 1 62 1 63 1 64 1 65 1 66 1 67 1 68 1 69 1 70 1 71 1 72 1 73 1 74 1 75 1 76 1 77 1 78 1 79 1 80 1 81 1 82 1 83 1 84 1 85 1 86 1 87 1 88 1 89 1 90 1 91 1 92 1 93 1 94 1 95 1 96 1 97 1 98 1 99 1 
15,0 1 1 1 2 1 4 1 5 1 6 1 7 1 8 1 9 1 10 1 12 1 16 1 18 1 19 1 20 1 21 1 22 1 24 1 25 1 26 1 27 1 28 1 29 1 30 1 31 1 32 1 33 1 34 1 35 1 37 1 39 1 40 1 41 1 46 1 47 1 48 1 49 1 51 1 52 1 54 1 55 1 56 1 57 1 58 1 59 1 60 1 61 1 62 1 63 1 64 1 65 1 66 1 67 1 68 1 69 1 70 1 71 1 72 1 74 1 75 1 76 1 78 1 79 1 80 1 81 1 82 1 84 1 86 1 87 1 89 1 90 1 92 1 93 1 95 1 97 1 98 1 99 1 
16,0 1 2 1 3 1 4 1 5 1 6 1 7 1 8 1 9 1 10 1 11 1 12 1 13 1 14 1 15 1 17 1 18 1 20 1 21 1 22 1 23 1 24 1 25 1 26 1 28 1 29 1 30 1 32 1 34 1 35 1 36 1 37 1 38 1 39 1 40 1 41 1 42 1 43 1 44 1 45 1 46 1 47 1 48 1 49 1 51 1 52 1 55 1 56 1 57 1 58 1 60 1 62 1 63 1 64 1 65 1 66 1 67 1 68 1 71 1 72 1 73 1 74 1 75 1 76 1 77 1 78 1 79 1 80 1 81 1 82 1 83 1 84 1 85 1 86 1 87 1 89 1 90 1 92 1 93 1 94 1 96 1 97 1 98 1 99 1 
17,14 1 19 1 20 1 23 1 26 1 28 1 35 1 36 1 37 1 38 1 44 1 51 1 54 1 63 1 82 1 83 1 86 1 94 1 
18,1 1 6 1 7 1 10 1 13 1 14 1 17 1 23 1 24 1 29 1 33 1 34 1 38 1 40 1 52 1 56 1 57 1 58 1 60 1 63 1 64 1 65 1 66 1 68 1 73 1 79 1 80 1 84 1 86 1 87 1 89 1 91 1 
19,0 1 1 1 2 1 3 1 4 1 5 1 6 1 7 1 8 1 9 1 10 1 11 1 12 1 13 1 14 1 15 1 16 1 17 1 18 1 20 1 21 1 22 1 23 1 24 1 25 1 26 1 27 1 29 1 30 1 33 1 34 1 35 1 36 1 37 1 39 1 40 1 41 1 42 1 43 1 44 1 45 1 46 1 47 1 48 1 49 1 50 1 51 1 52 1 53 1 54 1 55 1 56 1 57 1 58 1 59 1 60 1 62 1 63 1 64 1 65 1 66 1 67 1 68 1 69 1 70 1 71 1 72 1 73 1 74 1 75 1 76 1 77 1 79 1 80 1 81 1 82 1 83 1 84 1 85 1 86 1 88 1 89 1 90 1 91 1 92 1 93 1 94 1 95 1 96 1 97 1 98 1 99 1 
20,0 1 1 1 4 1 6 1 8 1 9 1 10 1 12 1 14 1 15 1 17 1 21 1 27 1 33 1 35 1 37 1 39 1 40 1 46 1 47 1 49 1 52 1 53 1 55 1 61 1 62 1 63 1 67 1 74 1 77 1 79 1 82 1 85 1 88 1 89 1 90 1 92 1 94 1 97 1 
21,9 1 18 1 23 1 24 1 27 1 36 1 37 1 53 1 84 1 88 1 
22,5 1 6 1 7 1 8 1 9 1 11 1 12 1 14 1 16 1 17 1 18 1 20 1 21 1 25 1 31 1 32 1 33 1 34 1 37 1 41 1 42 1 44 1 45 1 48 1 49 1 50 1 52 1 53 1 54 1 55 1 57 1 58 1 60 1 62 1 66 1 67 1 68 1 69 1 73 1 74 1 76 1 77 1 80 1 84 1 85 1 86 1 90 1 92 1 93 1 94 1 95 1 96 1 99 1 
23,0 1 3 1 4 1 6 1 8 1 9 1 11 1 12 1 16 1 17 1 18 1 19 1 24 1 27 1 28 1 29 1 34 1 36 1 40 1 43 1 44 1 45 1 46 1 47 1 48 1 49 1 50 1 56 1 58 1 59 1 60 1 61 1 62 1 63 1 64 1 65 1 66 1 67 1 68 1 70 1 71 1 72 1 74 1 77 1 79 1 80 1 82 1 83 1 86 1 88 1 89 1 90 1 91 1 92 1 93 1 94 1 96 1 97 1 98 1 99 1 
24,0 1 4 1 5 1 6 1 12 1 16 1 17 1 19 1 23 1 28 1 29 1 30 1 31 1 33 1 38 1 40 1 43 1 46 1 48 1 50 1 52 1 55 1 57 1 58 1 59 1 60 1 62 1 68 1 69 1 70 1 73 1 75 1 76 1 80 1 81 1 85 1 88 1 90 1 93 1 95 1 97 1 99 1 
25,0 1 3 1 4 1 5 1 7 1 9 1 11 1 12 1 13 1 14 1 15 1 16 1 17 1 20 1 23 1 26 1 28 1 30 1 31 1 32 1 35 1 36 1 37 1 38 1 40 1 41 1 44 1 45 1 46 1 47 1 48 1 49 1 55 1 56 1 58 1 59 1 62 1 65 1 69 1 70 1 71 1 72 1 74 1 80 1 81 1 82 1 85 1 86 1 88 1 90 1 94 1 97 1 
26,3 1 6 1 9 1 10 1 12 1 13 1 14 1 18 1 23 1 24 1 27 1 30 1 32 1 35 1 40 1 41 1 44 1 45 1 46 1 49 1 50 1 52 1 55 1 56 1 57 1 61 1 62 1 63 1 64 1 69 1 70 1 71 1 73 1 74 1 75 1 78 1 79 1 80 1 86 1 88 1 89 1 93 1 99 1 
27,0 1 1 1 4 1 6 1 10 1 25 1 33 1 36 1 43 1 56 1 57 1 62 1 70 1 85 1 87 1 
28,0 1 1 1 2 1 3 1 4 1 5 1 6 1 7 1 8 1 9 1 10 1 11 1 12 1 13 1 14 1 15 1 16 1 17 1 18 1 19 1 20 1 21 1 22 1 23 1 24 1 25 1 26 1 27 1 29 1 30 1 31 1 32 1 33 1 34 1 35 1 36 1 37 1 38 1 39 1 40 1 41 1 42 1 43 1 44 1 45 1 46 1 47 1 48 1 49 1 50 1 51 1 52 1 54 1 55 1 56 1 58 1 59 1 60 1 61 1 62 1 63 1 64 1 65 1 66 1 67 1 68 1 69 1 70 1 71 1 72 1 73 1 74 1 75 1 76 1 77 1 78 1 79 1 80 1 81 1 82 1 84 1 85 1 86 1 87 1 88 1 89 1 90 1 91 1 92 1 93 1 94 1 95 1 96 1 97 1 98 1 99 1 
29,9 1 10 1 16 1 25 1 30 1 37 1 40 1 42 1 61 1 62 1 66 1 72 1 75 1 79 1 81 1 
30,0 1 1 1 2 1 3 1 4 1 5 1 6 1 7 1 8 1 9 1 10 1 11 1 12 1 13 1 14 1 15 1 16 1 18 1 19 1 21 1 22 1 23 1 24 1 25 1 26 1 27 1 28 1 29 1 31 1 32 1 33 1 34 1 36 1 37 1 38 1 39 1 40 1 41 1 45 1 46 1 47 1 48 1 50 1 51 1 53 1 54 1 55 1 56 1 57 1 58 1 60 1 61 1 62 1 63 1 65 1 66 1 67 1 68 1 69 1 70 1 71 1 72 1 74 1 75 1 76 1 77 1 78 1 79 1 80 1 83 1 84 1 85 1 86 1 87 1 88 1 89 1 90 1 91 1 93 1 94 1 95 1 96 1 97 1 98 1 99 1 
31,1 1 4 1 10 1 40 1 51 1 60 1 65 1 98 1 
32,2 1 10 1 15 1 22 1 23 1 26 1 30 1 31 1 34 1 35 1 36 1 41 1 42 1 46 1 48 1 49 1 50 1 52 1 55 1 57 1 58 1 59 1 62 1 65 1 75 1 76 1 77 1 78 1 80 1 82 1 83 1 84 1 87 1 90 1 91 1 94 1 97 1 
33,0 1 1 1 2 1 3 1 4 1 5 1 6 1 7 1 8 1 9 1 10 1 11 1 12 1 13 1 14 1 15 1 16 1 17 1 18 1 19 1 20 1 21 1 22 1 23 1 24 1 25 1 26 1 27 1 28 1 29 1 30 1 31 1 32 1 34 1 35 1 36 1 37 1 38 1 39 1 40 1 41 1 42 1 43 1 44 1 45 1 46 1 47 1 48 1 49 1 50 1 51 1 52 1 53 1 54 1 55 1 56 1 57 1 58 1 59 1 60 1 61 1 62 1 63 1 64 1 65 1 66 1 67 1 68 1 69 1 70 1 71 1 72 1 73 1 74 1 75 1 76 1 77 1 78 1 79 1 80 1 81 1 82 1 83 1 84 1 85 1 86 1 87 1 88 1 89 1 90 1 91 1 92 1 93 1 94 1 95 1 96 1 97 1 98 1 99 1 
34,0 1 1 1 2 1 3 1 4 1 5 1 9 1 10 1 12 1 13 1 14 1 16 1 17 1 19 1 20 1 21 1 22 1 23 1 24 1 26 1 28 1 29 1 30 1 31 1 32 1 35 1 36 1 37 1 38 1 40 1 41 1 42 1 43 1 44 1 45 1 46 1 47 1 48 1 52 1 53 1 54 1 55 1 57 1 58 1 61 1 63 1 64 1 65 1 66 1 67 1 68 1 69 1 73 1 74 1 75 1 76 1 77 1 78 1 79 1 80 1 82 1 83 1 84 1 85 1 86 1 87 1 88 1 90 1 91 1 93 1 95 1 97 1 98 1 99 1 
35,0 1 2 1 4 1 5 1 6 1 7 1 8 1 9 1 10 1 14 1 15 1 17 1 18 1 19 1 21 1 22 1 23 1 24 1 25 1 26 1 27 1 29 1 30 1 31 1 32 1 33 1 34 1 36 1 37 1 38 1 39 1 40 1 41 1 42 1 43 1 44 1 45 1 46 1 47 1 48 1 49 1 50 1 51 1 52 1 53 1 54 1 55 1 56 1 57 1 59 1 61 1 62 1 63 1 65 1 66 1 67 1 68 1 69 1 72 1 73 1 75 1 76 1 77 1 78 1 80 1 81 1 82 1 84 1 85 1 86 1 87 1 90 1 91 1 92 1 93 1 95 1 96 1 97 1 98 1 99 1 
36,2 1 4 1 6 1 7 1 11 1 13 1 14 1 15 1 17 1 18 1 19 1 21 1 22 1 23 1 24 1 25 1 26 1 27 1 28 1 31 1 32 1 33 1 38 1 39 1 40 1 41 1 45 1 46 1 47 1 50 1 52 1 54 1 56 1 59 1 60 1 62 1 64 1 65 1 66 1 67 1 68 1 69 1 72 1 75 1 76 1 77 1 80 1 81 1 85 1 88 1 90 1 92 1 93 1 95 1 97 1 98 1 99 1 
37,11 1 18 1 19 1 26 1 38 1 40 1 44 1 49 1 53 1 54 1 58 1 70 1 73 1 74 1 77 1 78 1 79 1 81 1 85 1 87 1 90 1 94 1 95 1 96 1 
38,0 1 2 1 3 1 4 1 9 1 10 1 11 1 12 1 13 1 14 1 15 1 16 1 17 1 18 1 19 1 20 1 21 1 22 1 23 1 25 1 26 1 28 1 29 1 31 1 32 1 33 1 34 1 35 1 36 1 37 1 39 1 40 1 41 1 42 1 43 1 44 1 46 1 47 1 49 1 50 1 51 1 53 1 55 1 56 1 57 1 58 1 59 1 62 1 63 1 65 1 67 1 68 1 69 1 70 1 72 1 74 1 75 1 76 1 77 1 78 1 79 1 80 1 81 1 83 1 85 1 87 1 88 1 89 1 90 1 91 1 94 1 95 1 96 1 97 1 98 1 99 1 
39,0 1 1 1 2 1 3 1 5 1 6 1 7 1 8 1 9 1 12 1 13 1 14 1 15 1 16 1 17 1 19 1 22 1 23 1 25 1 27 1 28 1 29 1 31 1 34 1 35 1 36 1 37 1 38 1 42 1 43 1 44 1 45 1 46 1 50 1 55 1 56 1 57 1 62 1 63 1 64 1 66 1 67 1 68 1 70 1 74 1 76 1 77 1 80 1 81 1 82 1 83 1 84 1 85 1 86 1 87 1 89 1 90 1 91 1 94 1 95 1 96 1 97 1 99 1 
40,0 1 3 1 4 1 5 1 6 1 8 1 9 1 11 1 14 1 16 1 19 1 21 1 22 1 23 1 25 1 28 1 30 1 31 1 32 1 34 1 35 1 36 1 37 1 38 1 39 1 41 1 42 1 43 1 44 1 45 1 46 1 47 1 49 1 51 1 52 1 56 1 57 1 58 1 59 1 60 1 62 1 66 1 70 1 71 1 72 1 74 1 75 1 76 1 78 1 80 1 81 1 82 1 83 1 84 1 85 1 86 1 88 1 89 1 91 1 92 1 93 1 94 1 95 1 97 1 98 1 
41,1 1 4 1 7 1 10 1 12 1 14 1 15 1 16 1 22 1 24 1 25 1 26 1 30 1 33 1 34 1 36 1 38 1 42 1 44 1 45 1 47 1 49 1 51 1 52 1 53 1 56 1 57 1 58 1 61 1 63 1 65 1 68 1 70 1 72 1 74 1 76 1 77 1 82 1 84 1 85 1 87 1 89 1 90 1 91 1 92 1 93 1 95 1 96 1 98 1 99 1 
42,3 1 6 1 7 1 8 1 10 1 16 1 17 1 19 1 26 1 27 1 31 1 38 1 41 1 46 1 47 1 50 1 51 1 54 1 56 1 60 1 64 1 67 1 71 1 73 1 74 1 77 1 81 1 84 1 87 1 88 1 92 1 97 1 98 1 99 1 
43,3 1 4 1 5 1 10 1 11 1 13 1 14 1 16 1 20 1 21 1 29 1 31 1 36 1 37 1 38 1 39 1 41 1 44 1 45 1 47 1 49 1 50 1 51 1 54 1 55 1 57 1 58 1 60 1 61 1 67 1 68 1 72 1 77 1 81 1 83 1 84 1 85 1 87 1 92 1 93 1 94 1 96 1 97 1 99 1 
44,1 1 6 1 16 1 17 1 19 1 23 1 36 1 37 1 38 1 41 1 42 1 43 1 45 1 47 1 49 1 52 1 53 1 54 1 56 1 59 1 62 1 67 1 73 1 74 1 76 1 77 1 80 1 81 1 82 1 83 1 96 1 
45,0 1 1 1 2 1 3 1 5 1 6 1 7 1 8 1 9 1 10 1 11 1 12 1 13 1 14 1 15 1 16 1 17 1 19 1 20 1 21 1 22 1 23 1 24 1 25 1 26 1 28 1 29 1 30 1 31 1 32 1 33 1 34 1 35 1 37 1 38 1 39 1 40 1 41 1 42 1 43 1 44 1 46 1 47 1 48 1 49 1 50 1 51 1 52 1 53 1 54 1 55 1 57 1 58 1 59 1 60 1 61 1 62 1 63 1 64 1 65 1 66 1 67 1 68 1 69 1 70 1 71 1 72 1 73 1 75 1 76 1 77 1 78 1 79 1 80 1 81 1 82 1 83 1 84 1 85 1 86 1 87 1 88 1 89 1 90 1 91 1 92 1 93 1 94 1 95 1 96 1 97 1 98 1 
46,0 1 1 1 2 1 3 1 4 1 5 1 7 1 8 1 9 1 10 1 12 1 13 1 14 1 15 1 16 1 17 1 18 1 20 1 21 1 22 1 25 1 26 1 29 1 30 1 31 1 34 1 36 1 39 1 40 1 41 1 43 1 45 1 47 1 49 1 50 1 51 1 54 1 56 1 58 1 61 1 63 1 64 1 65 1 66 1 67 1 68 1 69 1 70 1 71 1 72 1 73 1 74 1 75 1 76 1 77 1 80 1 81 1 83 1 84 1 85 1 86 1 88 1 89 1 90 1 92 1 94 1 95 1 96 1 98 1 99 1 
47,4 1 9 1 12 1 14 1 15 1 16 1 22 1 27 1 29 1 30 1 31 1 35 1 39 1 40 1 41 1 44 1 49 1 52 1 57 1 58 1 59 1 60 1 61 1 62 1 65 1 66 1 67 1 69 1 70 1 72 1 74 1 76 1 77 1 78 1 79 1 80 1 82 1 84 1 85 1 86 1 87 1 88 1 89 1 91 1 97 1 
48,13 1 19 1 44 1 56 1 57 1 69 1 
49,4 1 9 1 13 1 31 1 59 1 71 1 75 1 87 1 88 1 93 1 94 1 95 1 97 1 
50,0 1 2 1 4 1 5 1 9 1 10 1 11 1 12 1 13 1 16 1 18 1 19 1 20 1 21 1 22 1 23 1 24 1 28 1 31 1 32 1 33 1 36 1 40 1 41 1 42 1 44 1 45 1 46 1 48 1 49 1 55 1 56 1 59 1 61 1 62 1 64 1 65 1 66 1 68 1 69 1 70 1 73 1 74 1 76 1 77 1 78 1 80 1 82 1 85 1 86 1 87 1 88 1 90 1 91 1 92 1 93 1 94 1 95 1 96 1 
51,1 1 2 1 5 1 9 1 12 1 19 1 20 1 24 1 25 1 29 1 32 1 34 1 37 1 40 1 42 1 48 1 49 1 50 1 53 1 63 1 66 1 70 1 74 1 75 1 95 1 98 1 
52,0 1 1 1 2 1 3 1 5 1 6 1 8 1 9 1 11 1 12 1 13 1 14 1 18 1 19 1 20 1 23 1 24 1 25 1 26 1 27 1 28 1 33 1 34 1 35 1 37 1 40 1 41 1 42 1 43 1 44 1 45 1 49 1 50 1 51 1 53 1 54 1 62 1 64 1 65 1 66 1 67 1 69 1 70 1 71 1 73 1 74 1 75 1 77 1 78 1 79 1 81 1 82 1 84 1 89 1 90 1 91 1 92 1 93 1 94 1 96 1 97 1 99 1 
53,2 1 3 1 5 1 9 1 13 1 15 1 17 1 19 1 20 1 21 1 23 1 25 1 26 1 28 1 29 1 32 1 33 1 34 1 40 1 42 1 43 1 44 1 48 1 51 1 55 1 56 1 58 1 59 1 61 1 63 1 64 1 66 1 68 1 69 1 70 1 74 1 75 1 76 1 78 1 79 1 80 1 81 1 82 1 85 1 88 1 89 1 91 1 93 1 96 1 98 1 
54,2 1 32 1 33 1 37 1 45 1 53 1 63 1 74 1 79 1 82 1 86 1 
55,9 1 13 1 14 1 21 1 28 1 34 1 47 1 75 1 83 1 89 1 92 1 96 1 
56,2 1 4 1 5 1 6 1 8 1 9 1 10 1 11 1 12 1 15 1 20 1 21 1 22 1 25 1 26 1 29 1 31 1 34 1 39 1 41 1 45 1 49 1 51 1 52 1 55 1 57 1 61 1 62 1 67 1 70 1 73 1 75 1 76 1 79 1 80 1 81 1 82 1 84 1 85 1 86 1 87 1 90 1 91 1 93 1 94 1 95 1 98 1 99 1 
57,0 1 1 1 2 1 4 1 5 1 6 1 7 1 9 1 10 1 14 1 15 1 16 1 17 1 18 1 19 1 20 1 21 1 24 1 26 1 27 1 28 1 29 1 30 1 31 1 32 1 33 1 35 1 38 1 39 1 40 1 41 1 42 1 43 1 44 1 45 1 47 1 48 1 51 1 52 1 53 1 54 1 55 1 56 1 58 1 60 1 61 1 62 1 63 1 64 1 65 1 67 1 68 1 69 1 70 1 71 1 72 1 73 1 74 1 75 1 76 1 79 1 80 1 81 1 82 1 83 1 84 1 85 1 87 1 89 1 90 1 91 1 92 1 94 1 96 1 97 1 98 1 
58,0 1 2 1 3 1 4 1 5 1 7 1 8 1 10 1 11 1 12 1 16 1 17 1 18 1 21 1 22 1 23 1 24 1 25 1 26 1 27 1 29 1 30 1 31 1 33 1 34 1 36 1 37 1 38 1 39 1 40 1 41 1 43 1 44 1 45 1 46 1 47 1 48 1 49 1 51 1 53 1 54 1 55 1 57 1 59 1 61 1 62 1 66 1 69 1 72 1 74 1 75 1 77 1 78 1 79 1 80 1 81 1 82 1 84 1 85 1 86 1 88 1 89 1 90 1 91 1 92 1 93 1 94 1 95 1 96 1 97 1 98 1 
59,0 1 1 1 2 1 3 1 5 1 6 1 7 1 8 1 9 1 10 1 11 1 13 1 14 1 15 1 17 1 18 1 19 1 20 1 21 1 24 1 25 1 27 1 31 1 32 1 34 1 35 1 36 1 37 1 38 1 39 1 41 1 43 1 44 1 45 1 46 1 47 1 48 1 49 1 50 1 51 1 52 1 53 1 54 1 56 1 57 1 60 1 62 1 63 1 64 1 66 1 67 1 68 1 70 1 71 1 72 1 73 1 75 1 76 1 77 1 78 1 79 1 80 1 82 1 83 1 84 1 85 1 86 1 87 1 88 1 90 1 92 1 93 1 94 1 95 1 96 1 98 1 99 1 
60,1 1 2 1 3 1 5 1 7 1 8 1 10 1 12 1 14 1 15 1 16 1 17 1 23 1 26 1 27 1 28 1 30 1 31 1 36 1 41 1 44 1 52 1 54 1 58 1 68 1 69 1 72 1 73 1 77 1 78 1 81 1 84 1 86 1 89 1 93 1 94 1 96 1 
61,1 1 3 1 4 1 5 1 6 1 7 1 8 1 12 1 13 1 16 1 18 1 19 1 20 1 21 1 22 1 23 1 25 1 27 1 28 1 29 1 30 1 31 1 32 1 36 1 37 1 38 1 39 1 41 1 43 1 45 1 46 1 47 1 48 1 49 1 50 1 51 1 52 1 53 1 54 1 55 1 58 1 62 1 63 1 64 1 67 1 68 1 70 1 71 1 72 1 73 1 74 1 76 1 77 1 78 1 79 1 81 1 84 1 85 1 86 1 88 1 89 1 90 1 91 1 92 1 93 1 96 1 97 1 
62,1 1 2 1 4 1 8 1 10 1 13 1 14 1 15 1 17 1 18 1 20 1 21 1 24 1 26 1 27 1 28 1 30 1 33 1 36 1 37 1 38 1 39 1 40 1 46 1 47 1 50 1 51 1 53 1 54 1 55 1 56 1 59 1 60 1 61 1 67 1 69 1 70 1 71 1 73 1 75 1 76 1 77 1 78 1 79 1 82 1 83 1 85 1 86 1 87 1 88 1 89 1 91 1 92 1 93 1 94 1 95 1 96 1 97 1 
63,0 1 1 1 2 1 3 1 5 1 6 1 7 1 9 1 10 1 11 1 12 1 14 1 15 1 16 1 17 1 18 1 19 1 20 1 21 1 22 1 23 1 24 1 25 1 26 1 27 1 28 1 29 1 30 1 31 1 32 1 33 1 34 1 35 1 36 1 37 1 38 1 40 1 41 1 42 1 43 1 45 1 46 1 47 1 48 1 49 1 51 1 53 1 54 1 55 1 56 1 57 1 58 1 59 1 60 1 61 1 62 1 64 1 65 1 66 1 67 1 68 1 70 1 71 1 72 1 73 1 74 1 75 1 76 1 77 1 78 1 79 1 80 1 82 1 83 1 84 1 85 1 86 1 87 1 88 1 89 1 90 1 92 1 93 1 94 1 95 1 96 1 97 1 98 1 99 1 
64,1 1 3 1 6 1 7 1 8 1 9 1 10 1 11 1 14 1 18 1 19 1 20 1 21 1 22 1 23 1 25 1 26 1 27 1 28 1 29 1 31 1 33 1 36 1 37 1 38 1 40 1 41 1 42 1 43 1 51 1 52 1 54 1 55 1 57 1 58 1 61 1 67 1 68 1 70 1 72 1 73 1 76 1 79 1 80 1 82 1 83 1 84 1 86 1 87 1 88 1 92 1 93 1 95 1 97 1 98 1 
65,0 1 2 1 4 1 5 1 6 1 8 1 16 1 17 1 19 1 21 1 24 1 25 1 26 1 28 1 31 1 33 1 36 1 37 1 41 1 43 1 45 1 46 1 47 1 48 1 53 1 55 1 56 1 57 1 61 1 62 1 63 1 64 1 66 1 67 1 68 1 71 1 72 1 73 1 76 1 78 1 79 1 82 1 83 1 84 1 88 1 91 1 92 1 93 1 96 1 97 1 
66,1 1 2 1 5 1 6 1 7 1 8 1 12 1 13 1 19 1 20 1 21 1 23 1 25 1 26 1 27 1 29 1 30 1 31 1 33 1 34 1 35 1 37 1 39 1 41 1 42 1 44 1 48 1 49 1 50 1 53 1 55 1 57 1 58 1 60 1 63 1 68 1 69 1 71 1 72 1 77 1 80 1 81 1 82 1 83 1 85 1 86 1 88 1 90 1 91 1 92 1 94 1 95 1 96 1 97 1 98 1 
67,0 1 9 1 11 1 17 1 19 1 23 1 31 1 37 1 44 1 46 1 47 1 55 1 57 1 59 1 66 1 70 1 71 1 72 1 93 1 95 1 97 1 
68,3 1 4 1 5 1 6 1 8 1 9 1 10 1 11 1 12 1 13 1 15 1 17 1 18 1 20 1 21 1 23 1 24 1 25 1 26 1 27 1 28 1 29 1 30 1 33 1 35 1 36 1 37 1 39 1 41 1 42 1 43 1 46 1 47 1 48 1 50 1 51 1 52 1 53 1 54 1 55 1 57 1 62 1 63 1 64 1 65 1 66 1 67 1 69 1 72 1 73 1 75 1 77 1 81 1 83 1 84 1 85 1 86 1 88 1 90 1 91 1 92 1 93 1 95 1 96 1 97 1 98 1 99 1 
69,0 1 1 1 3 1 4 1 5 1 7 1 8 1 10 1 11 1 12 1 13 1 14 1 15 1 19 1 20 1 21 1 22 1 25 1 26 1 27 1 29 1 30 1 31 1 32 1 33 1 36 1 37 1 38 1 39 1 40 1 41 1 42 1 43 1 44 1 45 1 46 1 48 1 49 1 50 1 51 1 53 1 54 1 55 1 56 1 57 1 58 1 59 1 62 1 63 1 65 1 66 1 67 1 68 1 70 1 72 1 74 1 75 1 76 1 77 1 79 1 81 1 85 1 86 1 87 1 88 1 90 1 91 1 92 1 95 1 96 1 98 1 99 1 
70,2 1 3 1 21 1 31 1 38 1 44 1 48 1 56 1 69 1 82 1 87 1 89 1 94 1 
71,0 1 1 1 2 1 3 1 4 1 5 1 8 1 12 1 16 1 17 1 20 1 24 1 26 1 27 1 28 1 29 1 31 1 32 1 33 1 34 1 37 1 38 1 40 1 41 1 43 1 46 1 47 1 48 1 49 1 50 1 51 1 52 1 53 1 54 1 55 1 56 1 57 1 60 1 62 1 63 1 64 1 66 1 67 1 68 1 69 1 72 1 74 1 75 1 76 1 84 1 85 1 86 1 87 1 88 1 90 1 91 1 92 1 93 1 95 1 96 1 98 1 99 1 
72,0 1 1 1 2 1 3 1 4 1 6 1 7 1 8 1 9 1 10 1 11 1 12 1 14 1 16 1 17 1 19 1 20 1 21 1 22 1 23 1 24 1 25 1 26 1 27 1 28 1 29 1 30 1 31 1 32 1 33 1 35 1 36 1 37 1 38 1 39 1 40 1 41 1 42 1 43 1 44 1 45 1 46 1 47 1 49 1 50 1 51 1 52 1 54 1 55 1 56 1 57 1 58 1 59 1 60 1 61 1 62 1 63 1 64 1 65 1 66 1 67 1 68 1 69 1 70 1 71 1 73 1 74 1 75 1 76 1 77 1 78 1 79 1 80 1 81 1 82 1 83 1 85 1 86 1 87 1 88 1 89 1 90 1 91 1 92 1 93 1 94 1 95 1 96 1 97 1 98 1 99 1 
73,0 1 3 1 8 1 9 1 10 1 12 1 13 1 14 1 18 1 22 1 30 1 31 1 34 1 36 1 40 1 41 1 43 1 46 1 47 1 48 1 49 1 53 1 54 1 55 1 58 1 59 1 60 1 61 1 62 1 64 1 72 1 74 1 82 1 84 1 85 1 86 1 89 1 90 1 92 1 96 1 97 1 99 1 
74,1 1 2 1 3 1 5 1 7 1 8 1 9 1 10 1 11 1 12 1 13 1 14 1 15 1 16 1 17 1 18 1 19 1 20 1 21 1 22 1 23 1 24 1 25 1 26 1 27 1 28 1 30 1 31 1 32 1 33 1 34 1 36 1 38 1 39 1 40 1 42 1 44 1 45 1 47 1 48 1 49 1 50 1 51 1 52 1 53 1 54 1 55 1 56 1 57 1 58 1 59 1 61 1 62 1 63 1 64 1 66 1 67 1 68 1 69 1 71 1 72 1 75 1 76 1 78 1 79 1 80 1 81 1 82 1 83 1 84 1 85 1 86 1 87 1 88 1 89 1 90 1 91 1 92 1 93 1 94 1 96 1 97 1 98 1 99 1 
75,1 1 4 1 10 1 14 1 15 1 20 1 21 1 26 1 29 1 30 1 31 1 32 1 36 1 39 1 41 1 43 1 44 1 46 1 50 1 51 1 53 1 56 1 59 1 60 1 63 1 65 1 68 1 70 1 71 1 72 1 76 1 79 1 80 1 83 1 86 1 95 1 98 1 
76,0 1 1 1 2 1 3 1 4 1 5 1 6 1 7 1 8 1 9 1 10 1 11 1 12 1 13 1 14 1 15 1 16 1 17 1 18 1 19 1 20 1 21 1 22 1 23 1 24 1 25 1 26 1 27 1 28 1 29 1 30 1 31 1 32 1 33 1 34 1 35 1 36 1 37 1 38 1 39 1 40 1 41 1 42 1 43 1 44 1 45 1 46 1 47 1 48 1 49 1 50 1 51 1 52 1 53 1 54 1 55 1 56 1 57 1 58 1 59 1 60 1 61 1 62 1 63 1 64 1 65 1 66 1 67 1 68 1 69 1 70 1 71 1 72 1 73 1 74 1 75 1 77 1 78 1 79 1 80 1 81 1 82 1 83 1 84 1 85 1 86 1 87 1 88 1 89 1 90 1 91 1 92 1 93 1 94 1 95 1 96 1 97 1 98 1 99 1 
77,4 1 22 1 37 1 53 1 56 1 
78,0 1 1 1 2 1 4 1 5 1 7 1 8 1 10 1 11 1 12 1 13 1 16 1 17 1 18 1 19 1 20 1 21 1 23 1 25 1 27 1 28 1 31 1 32 1 34 1 36 1 37 1 39 1 40 1 41 1 42 1 44 1 47 1 48 1 49 1 50 1 52 1 54 1 55 1 56 1 57 1 58 1 59 1 60 1 62 1 65 1 66 1 68 1 69 1 72 1 75 1 77 1 79 1 81 1 82 1 83 1 84 1 85 1 86 1 89 1 90 1 91 1 92 1 94 1 95 1 96 1 97 1 99 1 
79,3 1 9 1 11 1 13 1 18 1 20 1 21 1 25 1 29 1 36 1 39 1 40 1 41 1 42 1 45 1 48 1 50 1 54 1 58 1 61 1 67 1 69 1 73 1 74 1 76 1 82 1 85 1 89 1 96 1 98 1 
80,0 1 11 1 12 1 13 1 15 1 17 1 18 1 21 1 28 1 32 1 36 1 37 1 39 1 43 1 45 1 55 1 56 1 58 1 61 1 62 1 67 1 70 1 71 1 79 1 81 1 83 1 86 1 98 1 
81,4 1 8 1 10 1 12 1 14 1 18 1 20 1 22 1 30 1 32 1 34 1 43 1 49 1 50 1 51 1 53 1 54 1 56 1 67 1 69 1 76 1 78 1 84 1 90 1 92 1 98 1 
82,0 1 1 1 2 1 3 1 4 1 5 1 7 1 8 1 9 1 10 1 11 1 12 1 13 1 16 1 17 1 18 1 19 1 20 1 21 1 22 1 23 1 24 1 25 1 26 1 27 1 28 1 29 1 31 1 32 1 33 1 34 1 35 1 36 1 37 1 39 1 40 1 41 1 42 1 43 1 44 1 45 1 46 1 47 1 48 1 49 1 50 1 51 1 52 1 53 1 54 1 55 1 56 1 57 1 58 1 59 1 60 1 61 1 63 1 64 1 65 1 67 1 68 1 69 1 70 1 71 1 72 1 73 1 74 1 76 1 77 1 78 1 80 1 81 1 84 1 85 1 86 1 88 1 89 1 90 1 92 1 94 1 95 1 96 1 98 1 99 1 
83,0 1 3 1 4 1 7 1 9 1 10 1 13 1 14 1 15 1 17 1 22 1 23 1 26 1 28 1 31 1 32 1 33 1 35 1 36 1 37 1 43 1 44 1 47 1 48 1 50 1 57 1 59 1 60 1 64 1 67 1 71 1 74 1 75 1 77 1 81 1 84 1 85 1 93 1 95 1 96 1 99 1 
84,0 1 1 1 2 1 4 1 5 1 6 1 7 1 9 1 12 1 13 1 14 1 18 1 20 1 22 1 23 1 24 1 27 1 29 1 31 1 32 1 34 1 35 1 40 1 42 1 43 1 47 1 49 1 51 1 52 1 53 1 55 1 56 1 58 1 62 1 65 1 67 1 69 1 70 1 71 1 72 1 77 1 80 1 81 1 82 1 83 1 86 1 89 1 90 1 91 1 94 1 95 1 97 1 
85,2 1 7 1 98 1 
86,2 1 3 1 4 1 8 1 9 1 10 1 12 1 18 1 20 1 22 1 23 1 25 1 28 1 30 1 38 1 40 1 44 1 47 1 50 1 53 1 56 1 59 1 60 1 69 1 74 1 82 1 85 1 88 1 90 1 92 1 94 1 99 1 
87,0 1 1 1 4 1 5 1 7 1 8 1 9 1 10 1 11 1 12 1 13 1 14 1 18 1 19 1 20 1 23 1 24 1 25 1 27 1 30 1 31 1 32 1 33 1 34 1 35 1 36 1 37 1 38 1 41 1 43 1 44 1 47 1 48 1 49 1 50 1 52 1 53 1 54 1 56 1 57 1 58 1 59 1 60 1 61 1 62 1 65 1 66 1 67 1 68 1 69 1 71 1 72 1 74 1 76 1 77 1 78 1 79 1 80 1 81 1 82 1 83 1 86 1 88 1 90 1 91 1 92 1 93 1 94 1 95 1 96 1 99 1 
88,0 1 1 1 2 1 4 1 6 1 7 1 9 1 10 1 11 1 12 1 13 1 14 1 15 1 16 1 17 1 18 1 19 1 20 1 21 1 22 1 23 1 24 1 25 1 26 1 27 1 28 1 29 1 30 1 32 1 33 1 34 1 35 1 36 1 37 1 38 1 40 1 41 1 42 1 43 1 44 1 46 1 47 1 48 1 49 1 50 1 51 1 53 1 54 1 55 1 60 1 61 1 62 1 63 1 64 1 65 1 68 1 70 1 71 1 72 1 74 1 75 1 76 1 77 1 79 1 80 1 82 1 83 1 85 1 89 1 92 1 95 1 96 1 97 1 98 1 
89,1 1 2 1 3 1 5 1 6 1 7 1 14 1 15 1 16 1 20 1 23 1 24 1 29 1 33 1 34 1 36 1 37 1 39 1 44 1 47 1 48 1 50 1 54 1 55 1 57 1 58 1 62 1 63 1 65 1 73 1 75 1 77 1 79 1 83 1 85 1 86 1 88 1 92 1 95 1 99 1 
90,0 1 1 1 4 1 6 1 8 1 11 1 13 1 18 1 19 1 21 1 23 1 24 1 25 1 26 1 27 1 33 1 34 1 39 1 41 1 42 1 43 1 46 1 48 1 50 1 51 1 54 1 55 1 56 1 57 1 59 1 63 1 64 1 65 1 68 1 69 1 70 1 73 1 76 1 79 1 80 1 81 1 82 1 84 1 86 1 91 1 97 1 
91,10 1 12 1 17 1 
92,0 1 1 1 3 1 4 1 5 1 10 1 11 1 12 1 13 1 14 1 17 1 18 1 19 1 20 1 22 1 24 1 26 1 27 1 28 1 29 1 32 1 34 1 35 1 37 1 38 1 40 1 42 1 45 1 46 1 50 1 53 1 54 1 55 1 56 1 60 1 61 1 62 1 64 1 65 1 66 1 67 1 69 1 70 1 73 1 76 1 77 1 78 1 79 1 80 1 83 1 87 1 88 1 90 1 93 1 94 1 95 1 99 1 
93,0 1 2 1 5 1 8 1 10 1 11 1 12 1 17 1 19 1 23 1 26 1 31 1 33 1 34 1 36 1 49 1 53 1 56 1 58 1 59 1 61 1 63 1 65 1 70 1 73 1 84 1 86 1 87 1 88 1 89 1 90 1 91 1 92 1 94 1 95 1 
94,16 1 23 1 31 1 42 1 45 1 52 1 57 1 81 1 83 1 91 1 
95,0 1 1 1 5 1 7 1 10 1 13 1 14 1 15 1 16 1 17 1 22 1 26 1 27 1 29 1 30 1 31 1 35 1 36 1 37 1 38 1 39 1 40 1 41 1 47 1 53 1 56 1 58 1 69 1 70 1 71 1 74 1 75 1 77 1 86 1 89 1 92 1 93 1 
96,4 1 13 1 26 1 29 1 32 1 35 1 39 1 53 1 57 1 76 1 80 1 81 1 82 1 89 1 90 1 91 1 92 1 98 1 99 1 
97,3 1 4 1 5 1 8 1 28 1 34 1 36 1 37 1 38 1 42 1 44 1 51 1 59 1 60 1 61 1 63 1 70 1 75 1 77 1 78 1 83 1 86 1 87 1 88 1 89 1 93 1 94 1 96 1 
98,1 1 2 1 3 1 4 1 5 1 6 1 9 1 10 1 11 1 12 1 13 1 16 1 17 1 18 1 19 1 20 1 21 1 24 1 26 1 28 1 30 1 31 1 32 1 33 1 35 1 36 1 37 1 38 1 39 1 40 1 41 1 42 1 43 1 44 1 45 1 46 1 48 1 50 1 51 1 52 1 54 1 55 1 56 1 57 1 59 1 60 1 61 1 62 1 63 1 64 1 66 1 67 1 69 1 70 1 74 1 75 1 76 1 77 1 78 1 79 1 80 1 82 1 83 1 84 1 85 1 87 1 89 1 90 1 96 1 99 1 
99,0 1 10 1 11 1 14 1 16 1 18 1 20 1 21 1 22 1 28 1 34 1 35 1 39 1 42 1 43 1 44 1 48 1 49 1 51 1 53 1 55 1 56 1 58 1 59 1 63 1 65 1 68 1 69 1 70 1 76 1 82 1 85 1 88 1 89 1 91 1 96 1 
10
8 16 0.0021
18 16 0.0012
30 12 0.0047
40 88 0.0028
46 6 0.0014
49 24 0.004
74 36 0.0017
76 47 0.0016
82 25 0.0022
84 0 0.0045
100
3 75 0.005 32
4 8 0.0047 65
6 11 0.004 63
6 58 0.0026 26
7 72 0.0048 55
7 78 0.0043 87
8 33 0.003 45
10 92 0.0039 33
12 69 0.0013 90
13 7 0.0031 92
13 38 0.0028 73
15 26 0.0018 36
15 39 0.0026 52
15 43 0.0021 54
15 54 0.0029 6
15 57 0.0033 63
15 81 0.0036 12
16 24 0.0031 46
16 44 0.0026 69
16 74 0.0045 16
16 75 0.0012 89
17 70 0.0048 30
17 97 0.0044 39
18 44 0.0037 63
19 67 0.005 23
20 23 0.0013 23
23 2 0.0023 60
23 85 0.004 90
23 89 0.0019 26
24 41 0.0022 35
24 91 0.0033 8
25 14 0.0022 63
25 58 0.0012 48
26 27 0.003 20
26 74 0.0037 98
27 20 0.0047 75
29 25 0.0043 79
29 73 0.0017 63
31 22 0.0041 70
31 42 0.0047 29
32 13 0.0012 80
33 9 0.0034 16
33 39 0.0033 42
34 6 0.0037 76
34 19 0.0043 79
35 24 0.0044 15
35 36 0.0014 100
35 60 0.0025 66
39 5 0.0046 50
40 27 0.0025 73
42 27 0.0018 16
42 82 0.0018 39
43 51 0.0023 40
44 92 0.0042 35
45 18 0.0017 86
45 34 0.0032 95
46 75 0.0049 16
46 83 0.0033 61
47 29 0.0015 42
47 84 0.0036 70
50 68 0.0046 68
51 74 0.0029 13
54 39 0.0028 98
55 12 0.0011 12
56 87 0.0031 74
57 6 0.0037 100
59 30 0.0048 91
60 65 0.0024 48
61 27 0.0036 95
61 42 0.004 63
62 9 0.0036 76
62 20 0.0046 58
65 29 0.0043 69
65 56 0.002 75
66 11 0.0015 87
66 72 0.0031 100
68 4 0.0027 71
71 46 0.002 32
72 28 0.0031 54
73 97 0.0018 49
76 31 0.0033 24
77 71 0.0045 8
77 94 0.0014 60
78 28 0.0035 12
80 91 0.0032 13
81 84 0.001 17
83 24 0.0027 76
83 75 0.0033 90
86 90 0.0034 25
87 80 0.0042 90
88 29 0.0017 48
90 27 0.0011 10
93 31 0.0048 37
93 35 0.0044 87
93 64 0.0031 69
94 4 0.0027 31
95 16 0.0028 8
97 7 0.0039 52
97 56 0.0044 50
99 75 0.0028 75
1
