20
0,2 1 3 1 4 1 5 1 6 1 7 1 8 1 10 1 11 1 12 1 13 1 14 1 15 1 16 1 17 1 18 1 
1,8 1 10 1 12 1 19 1 
2,0 1 1 1 3 1 5 1 6 1 7 1 8 1 9 1 10 1 11 1 12 1 13 1 14 1 15 1 16 1 17 1 18 1 19 1 
3,0 1 1 1 2 1 4 1 5 1 6 1 7 1 8 1 9 1 10 1 11 1 12 1 13 1 14 1 15 1 16 1 17 1 18 1 19 1 
4,1 1 3 1 6 1 8 1 9 1 11 1 12 1 13 1 16 1 19 1 
5,1 1 3 1 6 1 11 1 12 1 14 1 17 1 19 1 
6,0 1 1 1 2 1 3 1 4 1 5 1 7 1 8 1 9 1 10 1 11 1 12 1 13 1 14 1 15 1 16 1 17 1 18 1 19 1 
7,0 1 1 1 2 1 4 1 5 1 6 1 8 1 11 1 12 1 13 1 15 1 16 1 17 1 
8,0 1 1 1 4 1 5 1 9 1 10 1 11 1 12 1 13 1 14 1 15 1 16 1 17 1 18 1 19 1 
9,0 1 1 1 3 1 5 1 7 1 13 1 17 1 18 1 
10,0 1 1 1 2 1 3 1 4 1 5 1 6 1 7 1 8 1 9 1 11 1 12 1 13 1 14 1 15 1 16 1 17 1 18 1 19 1 
11,0 1 3 1 4 1 6 1 7 1 8 1 9 1 10 1 12 1 14 1 15 1 17 1 18 1 19 1 
12,0 1 1 1 2 1 4 1 5 1 8 1 9 1 19 1 
13,0 1 1 1 2 1 3 1 4 1 5 1 6 1 7 1 8 1 9 1 10 1 11 1 12 1 14 1 15 1 16 1 17 1 18 1 19 1 
14,0 1 1 1 2 1 4 1 5 1 11 1 16 1 17 1 
15,0 1 1 1 2 1 3 1 6 1 9 1 10 1 12 1 13 1 16 1 17 1 18 1 19 1 
16,0 1 2 1 5 1 6 1 7 1 10 1 11 1 12 1 13 1 14 1 15 1 18 1 
17,1 1 10 1 12 1 13 1 16 1 
18,0 1 1 1 2 1 3 1 4 1 5 1 6 1 7 1 8 1 9 1 10 1 11 1 12 1 13 1 14 1 15 1 16 1 17 1 19 1 
19,1 1 2 1 3 1 5 1 8 1 9 1 10 1 11 1 12 1 13 1 14 1 16 1 18 1 
10
1 5 0.0015
2 5 0.0026
2 8 0.0035
3 5 0.0025
3 9 0.002
5 18 0.002
8 0 0.0013
9 11 0.0012
11 8 0.0034
17 3 0.003
100
0 2 0.0014 13
0 5 0.0047 13
0 9 0.0022 18
0 10 0.0036 18
0 13 0.0041 17
0 16 0.003 5
0 17 0.0014 9
1 7 0.0034 9
1 10 0.0024 5
1 11 0.0035 13
1 12 0.0039 18
1 13 0.004 12
2 0 0.001 6
2 1 0.0041 13
2 6 0.0049 9
2 12 0.0035 15
2 13 0.0035 9
2 19 0.0031 10
3 4 0.0044 9
3 5 0.0019 19
3 6 0.0037 11
3 7 0.0043 11
3 8 0.0021 5
3 10 0.0041 17
3 13 0.0017 7
3 14 0.0044 6
3 15 0.0015 20
4 15 0.0044 5
5 0 0.0034 8
5 2 0.0038 16
5 7 0.0031 12
5 9 0.0017 9
5 12 0.0043 5
5 18 0.0017 14
5 19 0.0041 11
6 0 0.0032 9
6 4 0.0015 15
6 10 0.0033 10
6 16 0.002 18
6 17 0.0013 20
7 1 0.0031 5
7 4 0.003 19
7 5 0.0031 14
7 6 0.0047 16
7 9 0.0011 18
7 10 0.0032 15
7 11 0.0039 12
8 12 0.003 7
8 17 0.0019 18
9 0 0.0031 11
9 4 0.0011 5
9 10 0.0032 15
9 18 0.0038 16
10 0 0.0013 9
10 3 0.0038 8
10 4 0.0042 13
10 7 0.0021 12
10 13 0.0029 7
10 17 0.0048 6
12 1 0.0042 14
12 4 0.004 17
12 7 0.0043 12
12 8 0.002 18
12 13 0.0025 17
12 19 0.0036 16
13 0 0.001 5
13 1 0.0023 15
13 6 0.0026 5
13 7 0.0029 18
13 11 0.0039 14
13 15 0.0041 20
14 2 0.0023 16
14 3 0.0032 20
14 17 0.0049 17
14 18 0.0043 17
15 0 0.0046 9
15 2 0.0036 15
15 3 0.0049 11
15 5 0.0037 18
15 13 0.0037 18
15 16 0.0028 12
15 19 0.0015 14
16 2 0.0015 19
16 4 0.0028 10
16 10 0.0016 5
16 17 0.0016 18
16 18 0.0042 9
16 19 0.0043 15
17 1 0.003 13
17 5 0.0031 14
17 10 0.0045 7
17 14 0.0032 10
18 7 0.0026 15
18 11 0.0024 17
18 12 0.0014 6
18 14 0.0037 9
18 19 0.0025 10
19 5 0.0022 16
19 15 0.0041 15
19 16 0.0021 12
1
