20
0,1 1 5 1 6 1 7 1 8 1 9 1 12 1 13 1 17 1 
1,2 1 4 1 6 1 7 1 12 1 15 1 16 1 
2,0 1 1 1 3 1 4 1 9 1 10 1 11 1 13 1 14 1 15 1 17 1 18 1 19 1 
3,0 1 1 1 2 1 4 1 5 1 6 1 7 1 8 1 9 1 10 1 11 1 12 1 13 1 14 1 15 1 16 1 17 1 18 1 19 1 
4,0 1 2 1 3 1 6 1 7 1 8 1 10 1 15 1 16 1 
5,0 1 2 1 3 1 6 1 8 1 9 1 10 1 11 1 12 1 13 1 14 1 15 1 16 1 17 1 19 1 
6,1 1 4 1 9 1 10 1 11 1 12 1 16 1 
7,0 1 2 1 6 1 10 1 12 1 13 1 15 1 17 1 18 1 
8,0 1 1 1 2 1 3 1 4 1 5 1 6 1 10 1 11 1 12 1 13 1 15 1 17 1 19 1 
9,0 1 1 1 2 1 3 1 5 1 6 1 7 1 10 1 11 1 12 1 13 1 14 1 15 1 16 1 17 1 19 1 
10,2 1 6 1 11 1 12 1 16 1 18 1 
11,4 1 6 1 7 1 9 1 10 1 14 1 15 1 16 1 17 1 
12,1 1 2 1 19 1 
13,1 1 3 1 4 1 8 1 10 1 11 1 16 1 19 1 
14,0 1 2 1 3 1 4 1 5 1 6 1 7 1 8 1 9 1 10 1 11 1 12 1 13 1 15 1 16 1 18 1 
15,2 1 3 1 4 1 5 1 6 1 7 1 8 1 9 1 10 1 12 1 13 1 14 1 16 1 18 1 19 1 
16,0 1 1 1 6 1 7 1 8 1 11 1 12 1 13 1 19 1 
17,4 1 6 1 7 1 8 1 14 1 18 1 19 1 
18,6 1 7 1 11 1 15 1 19 1 
19,3 1 8 1 12 1 14 1 17 1 
10
1 6 0.004
1 10 0.0039
1 19 0.0045
9 4 0.0011
10 0 0.0039
12 4 0.0025
17 7 0.0037
18 3 0.0045
18 4 0.0031
18 19 0.0018
100
0 1 0.0016 10
0 5 0.0028 18
0 6 0.0025 6
0 10 0.0027 6
0 14 0.0018 10
0 19 0.0047 16
1 12 0.0043 7
1 16 0.0012 17
1 17 0.002 18
1 19 0.0037 12
2 5 0.0022 5
2 6 0.0037 13
2 7 0.0019 17
2 8 0.0011 7
2 12 0.0029 16
2 16 0.0047 15
2 17 0.0016 8
3 6 0.0013 11
3 9 0.0039 10
3 14 0.0022 14
4 0 0.0021 19
4 2 0.0021 19
4 14 0.005 10
4 15 0.0028 6
4 16 0.0036 12
5 0 0.0031 7
5 1 0.0031 15
5 4 0.002 18
5 7 0.0037 17
5 14 0.0036 8
6 2 0.004 15
6 3 0.0034 16
6 5 0.004 19
6 8 0.0041 20
6 9 0.002 20
6 12 0.0026 11
7 0 0.0028 7
7 3 0.0036 15
7 6 0.0036 18
7 9 0.0014 11
7 13 0.0049 18
7 15 0.0033 15
8 3 0.0038 6
8 5 0.003 11
8 6 0.0029 20
8 19 0.0012 13
9 4 0.0049 19
9 5 0.0025 15
9 15 0.0031 13
9 16 0.0041 9
10 0 0.0037 12
10 2 0.0034 8
10 5 0.0042 13
10 6 0.0039 9
10 9 0.0038 13
10 15 0.0025 15
11 1 0.003 15
11 2 0.0046 6
11 6 0.0017 5
11 18 0.003 6
12 4 0.0016 10
12 16 0.0043 12
12 18 0.0013 14
13 2 0.0011 18
13 15 0.0047 12
13 17 0.0037 15
13 18 0.0049 11
13 19 0.0047 18
14 0 0.0021 11
14 2 0.0049 9
14 3 0.0034 6
14 8 0.0046 19
14 9 0.0034 11
14 11 0.0041 11
15 2 0.0015 16
15 7 0.0042 13
15 9 0.0014 8
15 14 0.0032 12
15 16 0.0029 11
15 18 0.0028 19
16 10 0.0032 14
16 14 0.0012 16
17 2 0.0036 5
17 5 0.0045 14
17 7 0.0011 8
17 11 0.0036 15
17 12 0.0026 14
17 14 0.0035 16
17 19 0.0043 13
18 4 0.0033 10
18 6 0.0025 11
18 11 0.0042 9
18 12 0.0017 20
18 15 0.0018 9
18 16 0.0049 15
18 17 0.0039 18
19 11 0.0036 9
19 12 0.0025 6
19 15 0.0031 6
19 18 0.0029 18
2
