20
0,2 1 6 1 7 1 9 1 10 1 13 1 14 1 16 1 18 1 19 1 
1,3 1 16 1 18 1 19 1 
2,3 1 7 1 13 1 17 1 18 1 
3,13 1 15 1 17 1 19 1 
4,0 1 1 1 2 1 5 1 6 1 8 1 9 1 10 1 11 1 12 1 13 1 14 1 15 1 16 1 18 1 19 1 
5,0 1 1 1 2 1 3 1 6 1 7 1 8 1 9 1 10 1 11 1 13 1 14 1 15 1 17 1 18 1 19 1 
6,0 1 1 1 5 1 7 1 10 1 11 1 12 1 14 1 15 1 16 1 18 1 
7,3 1 5 1 6 1 10 1 16 1 18 1 
8,0 1 1 1 2 1 4 1 5 1 6 1 7 1 9 1 10 1 11 1 12 1 13 1 14 1 15 1 16 1 17 1 18 1 19 1 
9,0 1 4 1 5 1 7 1 11 1 12 1 16 1 17 1 18 1 
10,1 1 2 1 3 1 4 1 5 1 6 1 7 1 8 1 9 1 11 1 12 1 13 1 14 1 15 1 16 1 17 1 18 1 19 1 
11,0 1 1 1 2 1 3 1 4 1 5 1 7 1 8 1 9 1 10 1 12 1 13 1 15 1 16 1 17 1 18 1 19 1 
12,1 1 5 1 6 1 7 1 8 1 9 1 13 1 14 1 16 1 17 1 19 1 
13,0 1 8 1 10 1 11 1 12 1 18 1 
14,0 1 2 1 5 1 
15,0 1 1 1 2 1 3 1 4 1 5 1 6 1 7 1 8 1 9 1 10 1 11 1 12 1 13 1 14 1 16 1 17 1 18 1 19 1 
16,6 1 7 1 15 1 17 1 
17,3 1 6 1 7 1 16 1 18 1 19 1 
18,0 1 3 1 4 1 5 1 6 1 9 1 10 1 13 1 16 1 19 1 
19,1 1 2 1 4 1 5 1 6 1 9 1 10 1 11 1 12 1 13 1 15 1 16 1 
10
1 5 0.0038
2 5 0.0023
8 5 0.0031
9 0 0.0018
10 12 0.0024
11 17 0.0034
12 1 0.0046
14 12 0.0049
17 12 0.0045
19 9 0.005
100
0 2 0.0029 18
0 3 0.001 6
0 6 0.0038 10
0 10 0.0012 14
0 12 0.0036 16
0 17 0.0046 10
0 18 0.0014 12
1 0 0.0029 13
1 7 0.0017 19
1 10 0.0034 17
2 0 0.0017 15
2 1 0.0024 10
2 3 0.0038 8
2 11 0.0026 14
2 17 0.0022 5
2 18 0.0022 20
2 19 0.0046 18
3 0 0.0031 19
3 2 0.0045 17
4 2 0.0015 13
4 5 0.003 19
4 6 0.0024 5
4 8 0.0014 10
4 11 0.0017 8
4 12 0.0019 18
4 13 0.0032 19
4 18 0.0047 10
4 19 0.0022 17
5 2 0.0029 5
5 8 0.0012 15
5 15 0.0012 8
6 1 0.0037 10
6 2 0.0033 14
6 4 0.0037 7
6 7 0.0014 11
6 14 0.0041 10
7 0 0.0041 19
7 1 0.0036 16
7 6 0.0042 14
7 8 0.0048 5
7 16 0.0048 12
8 0 0.0024 15
8 2 0.0013 18
8 7 0.0049 9
8 11 0.0031 10
8 14 0.0022 18
8 15 0.004 12
9 0 0.0048 12
9 1 0.0032 13
9 14 0.0029 11
10 4 0.0033 17
10 6 0.0014 15
10 8 0.0049 8
10 11 0.005 9
10 12 0.0038 16
11 0 0.0022 10
11 5 0.0034 19
11 6 0.0045 5
11 13 0.0038 7
12 0 0.0035 9
12 8 0.0015 18
12 10 0.003 14
12 13 0.0043 8
13 1 0.0042 12
13 3 0.0021 15
13 6 0.0046 16
13 7 0.0013 16
13 9 0.0011 9
13 10 0.0046 5
13 14 0.0049 18
13 18 0.0027 6
14 1 0.003 5
14 11 0.0028 12
14 13 0.0023 14
14 15 0.0015 18
14 16 0.0035 20
14 19 0.0019 8
15 2 0.0042 12
15 3 0.0014 7
15 11 0.0046 7
15 14 0.002 5
16 1 0.0019 19
16 3 0.0046 6
16 8 0.0022 12
16 9 0.0034 16
16 17 0.0049 15
16 18 0.0015 15
17 0 0.0045 10
17 1 0.0025 17
17 2 0.0044 14
17 15 0.0026 17
18 2 0.0022 18
18 4 0.0018 18
18 8 0.0018 16
18 9 0.0041 12
18 12 0.0024 13
18 13 0.0031 14
19 11 0.0016 13
19 17 0.0027 19
19 18 0.0024 5
0
