9
0,5 1.0
1,2 1.0 3 1.0 5 1.0 6 1.0 7 1.0 8 1.0 
2,3 1.0 4 1.0 6 1.0 8 1.0 
3,2 1.0 5 1.0
4,0 1.0 1 1.0 2 1.0 3 1.0 5 1.0 6 0.04476 7 0.37471 8 0.64298 
5,1 1.0 3 1.0 4 1.0 6 1.0 
6,0 1.0 1 1.0 3 1.0 4 1.0 5 1.0 7 1.0 8 1.0
7,0 1.0 1 1.0 3 1.0 4 1.0 5 1.0 6 1.0 8 1.0
8,1 1.0 3 1.0 4 1.0 5 1.0 6 1.0 7 1.0 
11
0 3 0.97979
1 4 0.62519
2 8 0.95327
3 4 0.17115
4 7 0.83251
5 0 0.53295
5 2 0.23421
6 5 0.85717
6 8 0.18748
8 0 0.54436
8 2 0.65403
29
0 1 0.23633 4
0 5 0.6867 2
0 6 0.81714 2
1 4 0.11394 4
1 7 0.86535 9
2 0 0.15672 7
2 4 0.40736 2
2 5 0.80444 2
2 6 0.68268 9
3 0 0.67201 9
3 1 0.15919 7
3 2 0.03198 1
4 3 0.89884 9
4 5 0.22693 9
4 7 0.21497 2
5 0 0.36429 4
5 2 0.07499 6
5 3 0.42426 9
5 6 0.80081 8
5 7 0.57387 9
6 1 0.75186 6
6 4 0.51587 6
6 5 0.12326 4
6 7 0.9951 3
7 0 0.35976 1
7 2 0.39646 8
7 5 0.37695 4
8 4 0.82455 8
8 5 0.4089 9
0
