9
0,5 0.12466 
1,2 0.14203 3 0.32674 5 0.07975 6 0.99511 7 0.7018 8 0.63127 
2,3 0.32082 4 0.99769 6 0.06787 8 0.74905 
3,2 0.58133 5 0.19675 
4,0 0.12514 1 0.55399 2 0.56397 3 0.38203 5 0.85781 6 0.04476 7 0.37471 8 0.64298 
5,1 0.57458 3 0.17072 4 0.13855 6 0.52761 
6,0 0.06025 1 0.81525 3 0.79797 4 0.64112 5 0.35291 7 0.44227 8 0.31072 
7,0 0.89118 1 0.92151 3 0.453 4 0.0293 5 0.2744 6 0.98911 8 0.34945 
8,1 0.29586 3 0.3723 4 0.55017 5 0.33866 6 0.6965 7 0.78673 
11
0 3 0.97979
1 4 0.62519
2 8 0.95327
3 4 0.17115
4 7 0.83251
5 0 0.53295
5 2 0.23421
6 5 0.85717
6 8 0.18748
8 0 0.54436
8 2 0.65403
29
0 1 0.23633 4
0 5 0.6867 2
0 6 0.81714 2
1 4 0.11394 4
1 7 0.86535 9
2 0 0.15672 7
2 4 0.40736 2
2 5 0.80444 2
2 6 0.68268 9
3 0 0.67201 9
3 1 0.15919 7
3 2 0.03198 1
4 3 0.89884 9
4 5 0.22693 9
4 7 0.21497 2
5 0 0.36429 4
5 2 0.07499 6
5 3 0.42426 9
5 6 0.80081 8
5 7 0.57387 9
6 1 0.75186 6
6 4 0.51587 6
6 5 0.12326 4
6 7 0.9951 3
7 0 0.35976 1
7 2 0.39646 8
7 5 0.37695 4
8 4 0.82455 8
8 5 0.4089 9
0
